1 , 0.283000
2 , 0.077000
3 , 0.062000
4 , 0.088000
5 , 0.099000
6 , 0.096000
7 , 0.183000
8 , 0.231000
9 , 0.163000
10 , 0.198000
11 , 0.153000
12 , 0.149000
13 , 0.136000
14 , 0.126000
15 , 0.137000
16 , 0.122000
17 , 0.135000
18 , 0.100000
19 , 0.085000
20 , 0.068000
21 , 0.067000
22 , 0.066000
23 , 0.064000
24 , 0.067000
25 , 0.065000
26 , 0.066000
27 , 0.067000
28 , 0.065000
29 , 0.067000
30 , 0.064000
31 , 0.067000
32 , 0.065000
33 , 0.069000
34 , 0.066000
35 , 0.065000
36 , 0.069000
37 , 0.067000
38 , 0.068000
39 , 0.068000
40 , 0.066000
41 , 0.064000
42 , 0.066000
43 , 0.065000
44 , 0.089000
45 , 0.069000
46 , 0.068000
47 , 0.064000
48 , 0.067000
49 , 0.067000
50 , 0.072000
51 , 0.067000
52 , 0.067000
53 , 0.069000
54 , 0.065000
55 , 0.066000
56 , 0.066000
57 , 0.065000
58 , 0.065000
59 , 0.065000
60 , 0.065000
61 , 0.066000
62 , 0.065000
63 , 0.066000
64 , 0.064000
65 , 0.064000
66 , 0.066000
67 , 0.067000
68 , 0.064000
69 , 0.064000
70 , 0.065000
71 , 0.067000
72 , 0.067000
73 , 0.066000
74 , 0.064000
75 , 0.073000
76 , 0.056000
77 , 0.055000
78 , 0.056000
79 , 0.055000
80 , 0.055000
81 , 0.055000
82 , 0.054000
83 , 0.056000
84 , 0.055000
85 , 0.054000
86 , 0.055000
87 , 0.055000
88 , 0.055000
89 , 0.063000
90 , 0.090000
91 , 0.081000
92 , 0.069000
93 , 0.087000
94 , 0.070000
95 , 0.056000
96 , 0.056000
97 , 0.056000
98 , 0.055000
99 , 0.055000
100 , 0.054000
101 , 0.056000
102 , 0.055000
103 , 0.056000
104 , 0.055000
105 , 0.055000
106 , 0.055000
107 , 0.055000
108 , 0.055000
109 , 0.058000
110 , 0.055000
111 , 0.054000
112 , 0.054000
113 , 0.056000
114 , 0.054000
115 , 0.055000
116 , 0.055000
117 , 0.055000
118 , 0.056000
119 , 0.055000
120 , 0.054000
121 , 0.053000
122 , 0.057000
123 , 0.081000
124 , 0.034000
125 , 0.031000
126 , 0.031000
127 , 0.031000
128 , 0.031000
129 , 0.030000
130 , 0.031000
131 , 0.031000
132 , 0.030000
133 , 0.030000
134 , 0.030000
135 , 0.030000
136 , 0.031000
137 , 0.030000
138 , 0.031000
139 , 0.030000
140 , 0.031000
141 , 0.031000
142 , 0.030000
143 , 0.030000
144 , 0.031000
145 , 0.031000
146 , 0.030000
147 , 0.030000
148 , 0.030000
149 , 0.032000
150 , 0.030000
151 , 0.031000
152 , 0.030000
153 , 0.030000
154 , 0.031000
155 , 0.030000
156 , 0.030000
157 , 0.029000
158 , 0.031000
159 , 0.026000
160 , 0.030000
161 , 0.030000
162 , 0.030000
163 , 0.028000
164 , 0.027000
165 , 0.028000
166 , 0.026000
167 , 0.028000
168 , 0.026000
169 , 0.027000
170 , 0.027000
171 , 0.027000
172 , 0.027000
173 , 0.026000
174 , 0.027000
175 , 0.027000
176 , 0.027000
177 , 0.027000
178 , 0.027000
179 , 0.027000
180 , 0.027000
181 , 0.027000
182 , 0.027000
183 , 0.027000
184 , 0.027000
185 , 0.027000
186 , 0.027000
187 , 0.027000
188 , 0.027000
189 , 0.027000
190 , 0.028000
191 , 0.027000
192 , 0.027000
193 , 0.027000
194 , 0.029000
195 , 0.027000
196 , 0.027000
197 , 0.027000
198 , 0.027000
199 , 0.028000
200 , 0.026000
201 , 0.028000
202 , 0.027000
203 , 0.028000
204 , 0.026000
205 , 0.027000
206 , 0.030000
207 , 0.030000
208 , 0.028000
209 , 0.027000
210 , 0.027000
211 , 0.029000
212 , 0.038000
213 , 0.027000
214 , 0.026000
215 , 0.027000
216 , 0.027000
217 , 0.031000
218 , 0.029000
219 , 0.026000
220 , 0.026000
221 , 0.028000
222 , 0.030000
223 , 0.036000
224 , 0.027000
225 , 0.026000
226 , 0.028000
227 , 0.027000
228 , 0.032000
229 , 0.030000
230 , 0.028000
231 , 0.027000
232 , 0.027000
233 , 0.029000
234 , 0.028000
235 , 0.028000
236 , 0.027000
237 , 0.027000
238 , 0.028000
239 , 0.031000
240 , 0.029000
241 , 0.027000
242 , 0.026000
243 , 0.026000
244 , 0.029000
245 , 0.033000
246 , 0.029000
247 , 0.027000
248 , 0.028000
249 , 0.026000
250 , 0.027000
251 , 0.030000
252 , 0.053000
253 , 0.031000
254 , 0.028000
255 , 0.028000
256 , 0.028000
257 , 0.029000
258 , 0.029000
259 , 0.028000
260 , 0.029000
261 , 0.028000
262 , 0.030000
263 , 0.029000
264 , 0.028000
265 , 0.028000
266 , 0.029000
267 , 0.028000
268 , 0.029000
269 , 0.029000
270 , 0.029000
271 , 0.029000
272 , 0.029000
273 , 0.028000
274 , 0.028000
275 , 0.029000
276 , 0.028000
277 , 0.028000
278 , 0.028000
279 , 0.028000
280 , 0.030000
281 , 0.028000
282 , 0.028000
283 , 0.030000
284 , 0.029000
285 , 0.028000
286 , 0.028000
287 , 0.028000
288 , 0.029000
289 , 0.029000
290 , 0.028000
291 , 0.028000
292 , 0.027000
293 , 0.029000
294 , 0.029000
295 , 0.027000
296 , 0.028000
297 , 0.028000
298 , 0.029000
299 , 0.029000
300 , 0.028000
301 , 0.028000
302 , 0.029000
303 , 0.028000
304 , 0.028000
305 , 0.028000
306 , 0.028000
307 , 0.029000
308 , 0.028000
309 , 0.028000
310 , 0.029000
311 , 0.029000
312 , 0.028000
313 , 0.028000
314 , 0.029000
315 , 0.029000
316 , 0.029000
317 , 0.028000
318 , 0.028000
319 , 0.029000
320 , 0.029000
321 , 0.028000
322 , 0.029000
323 , 0.029000
324 , 0.028000
325 , 0.028000
326 , 0.027000
327 , 0.028000
328 , 0.029000
329 , 0.029000
330 , 0.028000
331 , 0.028000
332 , 0.029000
333 , 0.028000
334 , 0.029000
335 , 0.076000
336 , 0.024000
337 , 0.036000
338 , 0.034000
339 , 0.028000
340 , 0.028000
341 , 0.029000
342 , 0.030000
343 , 0.032000
344 , 0.029000
345 , 0.028000
346 , 0.030000
347 , 0.031000
348 , 0.029000
349 , 0.028000
350 , 0.031000
351 , 0.031000
352 , 0.029000
353 , 0.028000
354 , 0.029000
355 , 0.032000
356 , 0.029000
357 , 0.028000
358 , 0.030000
359 , 0.031000
360 , 0.028000
361 , 0.030000
362 , 0.031000
363 , 0.030000
364 , 0.029000
365 , 0.029000
366 , 0.030000
367 , 0.031000
368 , 0.028000
369 , 0.028000
370 , 0.031000
371 , 0.031000
372 , 0.029000
373 , 0.028000
374 , 0.042000
375 , 0.039000
376 , 0.026000
377 , 0.027000
378 , 0.026000
379 , 0.031000
380 , 0.028000
381 , 0.027000
382 , 0.026000
383 , 0.028000
384 , 0.027000
385 , 0.029000
386 , 0.029000
387 , 0.027000
388 , 0.027000
389 , 0.027000
390 , 0.026000
391 , 0.028000
392 , 0.029000
393 , 0.028000
394 , 0.029000
395 , 0.028000
396 , 0.030000
397 , 0.031000
398 , 0.027000
399 , 0.028000
400 , 0.027000
401 , 0.031000
402 , 0.030000
403 , 0.027000
404 , 0.027000
405 , 0.027000
406 , 0.027000
407 , 0.029000
408 , 0.029000
409 , 0.027000
410 , 0.027000
411 , 0.027000
412 , 0.029000
413 , 0.027000
414 , 0.029000
415 , 0.026000
416 , 0.028000
417 , 0.031000
418 , 0.029000
419 , 0.031000
420 , 0.027000
421 , 0.027000
422 , 0.027000
423 , 0.030000
424 , 0.030000
425 , 0.026000
426 , 0.028000
427 , 0.027000
428 , 0.029000
429 , 0.027000
430 , 0.029000
431 , 0.027000
432 , 0.027000
433 , 0.028000
434 , 0.031000
435 , 0.031000
436 , 0.027000
437 , 0.028000
438 , 0.028000
439 , 0.030000
440 , 0.038000
441 , 0.028000
442 , 0.028000
443 , 0.027000
444 , 0.032000
445 , 0.031000
446 , 0.029000
447 , 0.026000
448 , 0.028000
449 , 0.030000
450 , 0.030000
451 , 0.029000
452 , 0.028000
453 , 0.029000
454 , 0.032000
455 , 0.028000
456 , 0.027000
457 , 0.027000
458 , 0.030000
459 , 0.030000
460 , 0.034000
461 , 0.039000
462 , 0.028000
463 , 0.027000
464 , 0.030000
465 , 0.031000
466 , 0.028000
467 , 0.027000
468 , 0.027000
469 , 0.029000
470 , 0.029000
471 , 0.027000
472 , 0.027000
473 , 0.026000
474 , 0.029000
475 , 0.028000
476 , 0.027000
477 , 0.026000
478 , 0.028000
479 , 0.027000
480 , 0.027000
481 , 0.027000
482 , 0.027000
483 , 0.028000
484 , 0.027000
485 , 0.028000
486 , 0.027000
487 , 0.028000
488 , 0.027000
489 , 0.027000
490 , 0.027000
491 , 0.027000
492 , 0.029000
493 , 0.026000
494 , 0.026000
495 , 0.026000
496 , 0.027000
497 , 0.027000
498 , 0.039000
499 , 0.029000
500 , 0.028000
501 , 0.027000
502 , 0.027000
503 , 0.027000
504 , 0.028000
505 , 0.028000
506 , 0.028000
507 , 0.027000
508 , 0.027000
509 , 0.034000
510 , 0.031000
511 , 0.027000
512 , 0.029000
513 , 0.032000
514 , 0.029000
515 , 0.028000
516 , 0.028000
517 , 0.028000
518 , 0.025000
519 , 0.024000
520 , 0.026000
521 , 0.029000
522 , 0.029000
523 , 0.027000
524 , 0.028000
525 , 0.030000
526 , 0.028000
527 , 0.033000
528 , 0.029000
529 , 0.027000
530 , 0.027000
531 , 0.027000
532 , 0.027000
533 , 0.029000
534 , 0.028000
535 , 0.027000
536 , 0.027000
537 , 0.029000
538 , 0.027000
539 , 0.028000
540 , 0.028000
541 , 0.027000
542 , 0.028000
543 , 0.028000
544 , 0.026000
545 , 0.027000
546 , 0.027000
547 , 0.027000
548 , 0.027000
549 , 0.027000
550 , 0.026000
551 , 0.028000
552 , 0.027000
553 , 0.026000
554 , 0.027000
555 , 0.029000
556 , 0.028000
557 , 0.027000
558 , 0.027000
559 , 0.026000
560 , 0.028000
561 , 0.032000
562 , 0.031000
563 , 0.033000
564 , 0.034000
565 , 0.023000
566 , 0.032000
567 , 0.034000
568 , 0.033000
569 , 0.034000
570 , 0.032000
571 , 0.033000
572 , 0.032000
573 , 0.035000
574 , 0.034000
575 , 0.029000
576 , 0.035000
577 , 0.035000
578 , 0.036000
579 , 0.035000
580 , 0.032000
581 , 0.033000
582 , 0.034000
583 , 0.034000
584 , 0.034000
585 , 0.040000
586 , 0.069000
587 , 0.107000
588 , 0.102000
589 , 0.074000
590 , 0.082000
591 , 0.073000
592 , 0.079000
593 , 0.072000
594 , 0.064000
595 , 0.107000
596 , 0.029000
597 , 0.027000
598 , 0.027000
599 , 0.027000
600 , 0.027000
601 , 0.027000
602 , 0.028000
603 , 0.028000
604 , 0.028000
605 , 0.028000
606 , 0.027000
607 , 0.027000
608 , 0.027000
609 , 0.027000
610 , 0.027000
611 , 0.027000
612 , 0.027000
613 , 0.027000
614 , 0.027000
615 , 0.027000
616 , 0.028000
617 , 0.027000
618 , 0.028000
619 , 0.027000
620 , 0.028000
621 , 0.027000
622 , 0.028000
623 , 0.027000
624 , 0.028000
625 , 0.027000
626 , 0.027000
627 , 0.028000
628 , 0.027000
629 , 0.028000
630 , 0.028000
631 , 0.028000
632 , 0.027000
633 , 0.027000
634 , 0.028000
635 , 0.028000
636 , 0.027000
637 , 0.028000
638 , 0.027000
639 , 0.027000
640 , 0.028000
641 , 0.028000
642 , 0.028000
643 , 0.028000
644 , 0.027000
645 , 0.028000
646 , 0.027000
647 , 0.028000
648 , 0.027000
649 , 0.029000
650 , 0.027000
651 , 0.027000
652 , 0.027000
653 , 0.028000
654 , 0.028000
655 , 0.027000
656 , 0.029000
657 , 0.029000
658 , 0.028000
659 , 0.028000
660 , 0.029000
661 , 0.028000
662 , 0.029000
663 , 0.028000
664 , 0.028000
665 , 0.029000
666 , 0.028000
667 , 0.029000
668 , 0.029000
669 , 0.029000
670 , 0.028000
671 , 0.028000
672 , 0.029000
673 , 0.028000
674 , 0.029000
675 , 0.029000
676 , 0.034000
677 , 0.029000
678 , 0.029000
679 , 0.029000
680 , 0.031000
681 , 0.032000
682 , 0.029000
683 , 0.030000
684 , 0.032000
685 , 0.029000
686 , 0.030000
687 , 0.041000
688 , 0.031000
689 , 0.032000
690 , 0.029000
691 , 0.031000
692 , 0.030000
693 , 0.030000
694 , 0.029000
695 , 0.035000
696 , 0.030000
697 , 0.038000
698 , 0.032000
699 , 0.032000
700 , 0.030000
701 , 0.030000
702 , 0.032000
703 , 0.030000
704 , 0.030000
705 , 0.040000
706 , 0.029000
707 , 0.030000
708 , 0.032000
709 , 0.030000
710 , 0.029000
711 , 0.030000
712 , 0.030000
713 , 0.029000
714 , 0.030000
715 , 0.030000
716 , 0.030000
717 , 0.029000
718 , 0.030000
719 , 0.030000
720 , 0.030000
721 , 0.030000
722 , 0.031000
723 , 0.030000
724 , 0.030000
725 , 0.030000
726 , 0.031000
727 , 0.030000
728 , 0.030000
729 , 0.043000
730 , 0.030000
731 , 0.031000
732 , 0.030000
733 , 0.031000
734 , 0.030000
735 , 0.030000
736 , 0.030000
737 , 0.031000
738 , 0.031000
739 , 0.030000
740 , 0.030000
741 , 0.030000
742 , 0.029000
743 , 0.030000
744 , 0.030000
745 , 0.031000
746 , 0.030000
747 , 0.030000
748 , 0.030000
749 , 0.031000
750 , 0.030000
751 , 0.030000
752 , 0.030000
753 , 0.030000
754 , 0.030000
755 , 0.031000
756 , 0.030000
757 , 0.030000
758 , 0.031000
759 , 0.029000
760 , 0.030000
761 , 0.030000
762 , 0.030000
763 , 0.030000
764 , 0.030000
765 , 0.031000
766 , 0.031000
767 , 0.030000
768 , 0.030000
769 , 0.031000
770 , 0.031000
771 , 0.030000
772 , 0.030000
773 , 0.031000
774 , 0.031000
775 , 0.031000
776 , 0.031000
777 , 0.030000
778 , 0.031000
779 , 0.030000
780 , 0.031000
781 , 0.030000
782 , 0.030000
783 , 0.030000
784 , 0.030000
785 , 0.032000
786 , 0.030000
787 , 0.031000
788 , 0.031000
789 , 0.034000
790 , 0.039000
791 , 0.037000
792 , 0.054000
793 , 0.042000
794 , 0.043000
795 , 0.036000
796 , 0.031000
797 , 0.033000
798 , 0.031000
799 , 0.032000
800 , 0.030000
801 , 0.034000
802 , 0.031000
803 , 0.030000
804 , 0.038000
805 , 0.031000
806 , 0.030000
807 , 0.100000
808 , 0.034000
809 , 0.031000
810 , 0.031000
811 , 0.033000
812 , 0.032000
813 , 0.030000
814 , 0.033000
815 , 0.031000
816 , 0.030000
817 , 0.041000
818 , 0.031000
819 , 0.033000
820 , 0.033000
821 , 0.031000
822 , 0.031000
823 , 0.033000
824 , 0.031000
825 , 0.030000
826 , 0.030000
827 , 0.027000
828 , 0.030000
829 , 0.028000
830 , 0.030000
831 , 0.031000
832 , 0.028000
833 , 0.027000
834 , 0.028000
835 , 0.029000
836 , 0.030000
837 , 0.028000
838 , 0.027000
839 , 0.027000
840 , 0.029000
841 , 0.038000
842 , 0.027000
843 , 0.026000
844 , 0.027000
845 , 0.026000
846 , 0.031000
847 , 0.029000
848 , 0.027000
849 , 0.027000
850 , 0.028000
851 , 0.029000
852 , 0.027000
853 , 0.029000
854 , 0.027000
855 , 0.028000
856 , 0.028000
857 , 0.030000
858 , 0.037000
859 , 0.030000
860 , 0.028000
861 , 0.028000
862 , 0.036000
863 , 0.028000
864 , 0.029000
865 , 0.029000
866 , 0.029000
867 , 0.027000
868 , 0.028000
869 , 0.027000
870 , 0.029000
871 , 0.030000
872 , 0.026000
873 , 0.028000
874 , 0.026000
875 , 0.029000
876 , 0.029000
877 , 0.027000
878 , 0.027000
879 , 0.027000
880 , 0.027000
881 , 0.032000
882 , 0.031000
883 , 0.027000
884 , 0.027000
885 , 0.027000
886 , 0.028000
887 , 0.028000
888 , 0.028000
889 , 0.026000
890 , 0.028000
891 , 0.029000
892 , 0.031000
893 , 0.030000
894 , 0.027000
895 , 0.029000
896 , 0.028000
897 , 0.029000
898 , 0.029000
899 , 0.027000
900 , 0.028000
901 , 0.027000
902 , 0.032000
903 , 0.037000
904 , 0.028000
905 , 0.028000
906 , 0.029000
907 , 0.033000
908 , 0.030000
909 , 0.029000
910 , 0.027000
911 , 0.028000
912 , 0.030000
913 , 0.031000
914 , 0.028000
915 , 0.027000
916 , 0.028000
917 , 0.027000
918 , 0.030000
919 , 0.028000
920 , 0.027000
921 , 0.027000
922 , 0.030000
923 , 0.030000
924 , 0.027000
925 , 0.027000
926 , 0.028000
927 , 0.032000
928 , 0.030000
929 , 0.027000
930 , 0.027000
931 , 0.042000
932 , 0.026000
933 , 0.027000
934 , 0.027000
935 , 0.026000
936 , 0.028000
937 , 0.028000
938 , 0.031000
939 , 0.029000
940 , 0.028000
941 , 0.028000
942 , 0.026000
943 , 0.027000
944 , 0.027000
945 , 0.028000
946 , 0.027000
947 , 0.027000
948 , 0.026000
949 , 0.027000
950 , 0.027000
951 , 0.027000
952 , 0.027000
953 , 0.026000
954 , 0.027000
955 , 0.026000
956 , 0.027000
957 , 0.027000
958 , 0.028000
959 , 0.027000
960 , 0.028000
961 , 0.027000
962 , 0.027000
963 , 0.027000
964 , 0.027000
965 , 0.026000
966 , 0.027000
967 , 0.029000
968 , 0.027000
969 , 0.027000
970 , 0.027000
971 , 0.026000
972 , 0.028000
973 , 0.026000
974 , 0.027000
975 , 0.027000
976 , 0.027000
977 , 0.027000
978 , 0.027000
979 , 0.027000
980 , 0.027000
981 , 0.028000
982 , 0.027000
983 , 0.026000
984 , 0.026000
985 , 0.028000
986 , 0.027000
987 , 0.026000
988 , 0.027000
989 , 0.027000
990 , 0.028000
991 , 0.026000
992 , 0.027000
993 , 0.027000
994 , 0.028000
995 , 0.026000
996 , 0.026000
997 , 0.027000
998 , 0.027000
999 , 0.028000
1000 , 0.026000
1001 , 0.027000
1002 , 0.026000
1003 , 0.027000
1004 , 0.026000
1005 , 0.027000
1006 , 0.028000
1007 , 0.027000
1008 , 0.028000
1009 , 0.027000
1010 , 0.026000
1011 , 0.027000
1012 , 0.028000
1013 , 0.027000
1014 , 0.027000
1015 , 0.027000
1016 , 0.027000
1017 , 0.027000
1018 , 0.027000
1019 , 0.027000
1020 , 0.027000
1021 , 0.028000
1022 , 0.028000
1023 , 0.027000
1024 , 0.027000
1025 , 0.026000
1026 , 0.028000
1027 , 0.027000
1028 , 0.027000
1029 , 0.027000
1030 , 0.028000
1031 , 0.027000
1032 , 0.027000
1033 , 0.027000
1034 , 0.027000
1035 , 0.027000
1036 , 0.027000
1037 , 0.027000
1038 , 0.027000
1039 , 0.027000
1040 , 0.026000
1041 , 0.027000
1042 , 0.026000
1043 , 0.027000
1044 , 0.027000
1045 , 0.027000
1046 , 0.030000
1047 , 0.027000
1048 , 0.028000
1049 , 0.026000
1050 , 0.027000
1051 , 0.027000
1052 , 0.032000
1053 , 0.028000
1054 , 0.028000
1055 , 0.026000
1056 , 0.027000
1057 , 0.028000
1058 , 0.027000
1059 , 0.026000
1060 , 0.027000
1061 , 0.026000
1062 , 0.028000
1063 , 0.026000
1064 , 0.027000
1065 , 0.026000
1066 , 0.028000
1067 , 0.130000
1068 , 0.033000
1069 , 0.033000
1070 , 0.033000
1071 , 0.028000
1072 , 0.028000
1073 , 0.026000
1074 , 0.026000
1075 , 0.028000
1076 , 0.027000
1077 , 0.033000
1078 , 0.027000
1079 , 0.026000
1080 , 0.027000
1081 , 0.027000
1082 , 0.027000
1083 , 0.026000
1084 , 0.026000
1085 , 0.027000
1086 , 0.027000
1087 , 0.044000
1088 , 0.028000
1089 , 0.028000
1090 , 0.028000
1091 , 0.029000
1092 , 0.028000
1093 , 0.029000
1094 , 0.028000
1095 , 0.029000
1096 , 0.027000
1097 , 0.029000
1098 , 0.028000
1099 , 0.030000
1100 , 0.029000
1101 , 0.029000
1102 , 0.028000
1103 , 0.029000
1104 , 0.029000
1105 , 0.028000
1106 , 0.028000
1107 , 0.029000
1108 , 0.029000
1109 , 0.028000
1110 , 0.029000
1111 , 0.029000
1112 , 0.029000
1113 , 0.029000
1114 , 0.028000
1115 , 0.029000
1116 , 0.029000
1117 , 0.037000
1118 , 0.027000
1119 , 0.028000
1120 , 0.028000
1121 , 0.028000
1122 , 0.027000
1123 , 0.027000
1124 , 0.028000
1125 , 0.028000
1126 , 0.028000
1127 , 0.028000
1128 , 0.027000
1129 , 0.027000
1130 , 0.028000
1131 , 0.027000
1132 , 0.027000
1133 , 0.028000
1134 , 0.028000
1135 , 0.028000
1136 , 0.028000
1137 , 0.028000
1138 , 0.028000
1139 , 0.028000
1140 , 0.028000
1141 , 0.028000
1142 , 0.028000
1143 , 0.027000
1144 , 0.027000
1145 , 0.027000
1146 , 0.028000
1147 , 0.028000
1148 , 0.027000
1149 , 0.028000
1150 , 0.029000
1151 , 0.027000
1152 , 0.029000
1153 , 0.029000
1154 , 0.029000
1155 , 0.029000
1156 , 0.029000
1157 , 0.029000
1158 , 0.029000
1159 , 0.029000
1160 , 0.029000
1161 , 0.028000
1162 , 0.029000
1163 , 0.029000
1164 , 0.029000
1165 , 0.029000
1166 , 0.030000
1167 , 0.030000
1168 , 0.029000
1169 , 0.029000
1170 , 0.030000
1171 , 0.029000
1172 , 0.030000
1173 , 0.030000
1174 , 0.029000
1175 , 0.029000
1176 , 0.030000
1177 , 0.029000
1178 , 0.029000
1179 , 0.030000
1180 , 0.029000
1181 , 0.029000
1182 , 0.029000
1183 , 0.055000
1184 , 0.068000
1185 , 0.035000
1186 , 0.030000
1187 , 0.032000
1188 , 0.031000
1189 , 0.030000
1190 , 0.042000
1191 , 0.031000
1192 , 0.030000
1193 , 0.042000
1194 , 0.030000
1195 , 0.030000
1196 , 0.033000
1197 , 0.029000
1198 , 0.030000
1199 , 0.032000
1200 , 0.032000
1201 , 0.030000
1202 , 0.042000
1203 , 0.031000
1204 , 0.032000
1205 , 0.033000
1206 , 0.030000
1207 , 0.032000
1208 , 0.033000
1209 , 0.030000
1210 , 0.031000
1211 , 0.032000
1212 , 0.030000
1213 , 0.042000
1214 , 0.029000
1215 , 0.030000
1216 , 0.039000
1217 , 0.032000
1218 , 0.030000
1219 , 0.031000
1220 , 0.030000
1221 , 0.030000
1222 , 0.031000
1223 , 0.030000
1224 , 0.030000
1225 , 0.030000
1226 , 0.030000
1227 , 0.029000
1228 , 0.030000
1229 , 0.031000
1230 , 0.030000
1231 , 0.031000
1232 , 0.030000
1233 , 0.030000
1234 , 0.030000
1235 , 0.031000
1236 , 0.030000
1237 , 0.030000
1238 , 0.030000
1239 , 0.030000
1240 , 0.031000
1241 , 0.030000
1242 , 0.029000
1243 , 0.029000
1244 , 0.030000
1245 , 0.031000
1246 , 0.030000
1247 , 0.030000
1248 , 0.030000
1249 , 0.030000
1250 , 0.029000
1251 , 0.030000
1252 , 0.030000
1253 , 0.031000
1254 , 0.031000
1255 , 0.030000
1256 , 0.030000
1257 , 0.030000
1258 , 0.031000
1259 , 0.030000
1260 , 0.030000
1261 , 0.030000
1262 , 0.031000
1263 , 0.029000
1264 , 0.030000
1265 , 0.030000
1266 , 0.030000
1267 , 0.031000
1268 , 0.030000
1269 , 0.030000
1270 , 0.030000
1271 , 0.031000
1272 , 0.030000
1273 , 0.030000
1274 , 0.030000
1275 , 0.029000
1276 , 0.031000
1277 , 0.030000
1278 , 0.030000
1279 , 0.030000
1280 , 0.031000
1281 , 0.030000
1282 , 0.029000
1283 , 0.031000
1284 , 0.029000
1285 , 0.031000
1286 , 0.030000
1287 , 0.032000
1288 , 0.030000
1289 , 0.031000
1290 , 0.031000
1291 , 0.030000
1292 , 0.029000
1293 , 0.029000
1294 , 0.031000
1295 , 0.029000
1296 , 0.030000
1297 , 0.032000
1298 , 0.032000
1299 , 0.030000
1300 , 0.137000
1301 , 0.036000
1302 , 0.032000
1303 , 0.031000
1304 , 0.031000
1305 , 0.030000
1306 , 0.030000
1307 , 0.031000
1308 , 0.030000
1309 , 0.031000
1310 , 0.031000
1311 , 0.031000
1312 , 0.031000
1313 , 0.033000
1314 , 0.031000
1315 , 0.033000
1316 , 0.031000
1317 , 0.031000
1318 , 0.030000
1319 , 0.031000
1320 , 0.039000
1321 , 0.027000
1322 , 0.029000
1323 , 0.028000
1324 , 0.030000
1325 , 0.027000
1326 , 0.031000
1327 , 0.027000
1328 , 0.030000
1329 , 0.028000
1330 , 0.029000
1331 , 0.027000
1332 , 0.030000
1333 , 0.026000
1334 , 0.029000
1335 , 0.027000
1336 , 0.029000
1337 , 0.027000
1338 , 0.028000
1339 , 0.027000
1340 , 0.028000
1341 , 0.028000
1342 , 0.029000
1343 , 0.027000
1344 , 0.028000
1345 , 0.027000
1346 , 0.029000
1347 , 0.026000
1348 , 0.028000
1349 , 0.027000
1350 , 0.030000
1351 , 0.030000
1352 , 0.027000
1353 , 0.028000
1354 , 0.027000
1355 , 0.032000
1356 , 0.028000
1357 , 0.029000
1358 , 0.028000
1359 , 0.028000
1360 , 0.027000
1361 , 0.028000
1362 , 0.027000
1363 , 0.028000
1364 , 0.028000
1365 , 0.028000
1366 , 0.027000
1367 , 0.028000
1368 , 0.028000
1369 , 0.028000
1370 , 0.027000
1371 , 0.028000
1372 , 0.027000
1373 , 0.031000
1374 , 0.027000
1375 , 0.028000
1376 , 0.027000
1377 , 0.028000
1378 , 0.027000
1379 , 0.029000
1380 , 0.027000
1381 , 0.030000
1382 , 0.028000
1383 , 0.022000
1384 , 0.028000
1385 , 0.029000
1386 , 0.029000
1387 , 0.029000
1388 , 0.028000
1389 , 0.029000
1390 , 0.027000
1391 , 0.037000
1392 , 0.028000
1393 , 0.028000
1394 , 0.029000
1395 , 0.029000
1396 , 0.030000
1397 , 0.028000
1398 , 0.029000
1399 , 0.027000
1400 , 0.031000
1401 , 0.028000
1402 , 0.031000
1403 , 0.029000
1404 , 0.031000
1405 , 0.028000
1406 , 0.029000
1407 , 0.028000
1408 , 0.031000
1409 , 0.028000
1410 , 0.029000
1411 , 0.028000
1412 , 0.040000
1413 , 0.039000
1414 , 0.034000
1415 , 0.027000
1416 , 0.028000
1417 , 0.026000
1418 , 0.029000
1419 , 0.027000
1420 , 0.029000
1421 , 0.027000
1422 , 0.028000
1423 , 0.027000
1424 , 0.027000
1425 , 0.027000
1426 , 0.027000
1427 , 0.027000
1428 , 0.027000
1429 , 0.027000
1430 , 0.035000
1431 , 0.027000
1432 , 0.027000
1433 , 0.029000
1434 , 0.027000
1435 , 0.027000
1436 , 0.027000
1437 , 0.028000
1438 , 0.027000
1439 , 0.028000
1440 , 0.026000
1441 , 0.029000
1442 , 0.026000
1443 , 0.028000
1444 , 0.026000
1445 , 0.027000
1446 , 0.027000
1447 , 0.027000
1448 , 0.028000
1449 , 0.027000
1450 , 0.027000
1451 , 0.026000
1452 , 0.029000
1453 , 0.027000
1454 , 0.027000
1455 , 0.028000
1456 , 0.027000
1457 , 0.027000
1458 , 0.027000
1459 , 0.027000
1460 , 0.026000
1461 , 0.028000
1462 , 0.027000
1463 , 0.029000
1464 , 0.027000
1465 , 0.029000
1466 , 0.027000
1467 , 0.032000
1468 , 0.027000
1469 , 0.030000
1470 , 0.027000
1471 , 0.028000
1472 , 0.026000
1473 , 0.027000
1474 , 0.027000
1475 , 0.028000
1476 , 0.026000
1477 , 0.028000
1478 , 0.027000
1479 , 0.028000
1480 , 0.029000
1481 , 0.028000
1482 , 0.030000
1483 , 0.027000
1484 , 0.027000
1485 , 0.027000
1486 , 0.030000
1487 , 0.027000
1488 , 0.027000
1489 , 0.027000
1490 , 0.028000
1491 , 0.027000
1492 , 0.028000
1493 , 0.029000
1494 , 0.027000
1495 , 0.027000
1496 , 0.035000
1497 , 0.028000
1498 , 0.027000
1499 , 0.028000
1500 , 0.027000
1501 , 0.027000
1502 , 0.028000
1503 , 0.028000
1504 , 0.027000
1505 , 0.027000
1506 , 0.028000
1507 , 0.027000
1508 , 0.027000
1509 , 0.027000
1510 , 0.027000
1511 , 0.035000
1512 , 0.028000
1513 , 0.027000
1514 , 0.028000
1515 , 0.027000
1516 , 0.030000
1517 , 0.028000
1518 , 0.028000
1519 , 0.027000
1520 , 0.033000
1521 , 0.027000
1522 , 0.029000
1523 , 0.027000
1524 , 0.028000
1525 , 0.027000
1526 , 0.028000
1527 , 0.026000
1528 , 0.027000
1529 , 0.028000
1530 , 0.027000
1531 , 0.027000
1532 , 0.028000
1533 , 0.028000
1534 , 0.027000
1535 , 0.028000
1536 , 0.026000
1537 , 0.031000
1538 , 0.028000
1539 , 0.028000
1540 , 0.027000
1541 , 0.027000
1542 , 0.028000
1543 , 0.075000
1544 , 0.029000
1545 , 0.027000
1546 , 0.026000
1547 , 0.027000
1548 , 0.027000
1549 , 0.028000
1550 , 0.027000
1551 , 0.028000
1552 , 0.026000
1553 , 0.028000
1554 , 0.026000
1555 , 0.029000
1556 , 0.027000
1557 , 0.030000
1558 , 0.027000
1559 , 0.029000
1560 , 0.027000
1561 , 0.027000
1562 , 0.027000
1563 , 0.028000
1564 , 0.027000
1565 , 0.027000
1566 , 0.028000
1567 , 0.028000
1568 , 0.027000
1569 , 0.028000
1570 , 0.027000
1571 , 0.028000
1572 , 0.029000
1573 , 0.027000
1574 , 0.030000
1575 , 0.028000
1576 , 0.028000
1577 , 0.027000
1578 , 0.030000
1579 , 0.027000
1580 , 0.028000
1581 , 0.027000
1582 , 0.027000
1583 , 0.027000
1584 , 0.027000
1585 , 0.027000
1586 , 0.028000
1587 , 0.028000
1588 , 0.028000
1589 , 0.027000
1590 , 0.028000
1591 , 0.029000
1592 , 0.027000
1593 , 0.031000
1594 , 0.027000
1595 , 0.031000
1596 , 0.026000
1597 , 0.029000
1598 , 0.027000
1599 , 0.031000
1600 , 0.027000
1601 , 0.029000
1602 , 0.028000
1603 , 0.028000
1604 , 0.028000
1605 , 0.027000
1606 , 0.027000
1607 , 0.029000
1608 , 0.028000
1609 , 0.029000
1610 , 0.027000
1611 , 0.027000
1612 , 0.027000
1613 , 0.028000
1614 , 0.027000
1615 , 0.027000
1616 , 0.027000
1617 , 0.027000
1618 , 0.028000
1619 , 0.027000
1620 , 0.030000
1621 , 0.027000
1622 , 0.029000
1623 , 0.027000
1624 , 0.030000
1625 , 0.027000
1626 , 0.027000
1627 , 0.027000
1628 , 0.027000
1629 , 0.027000
1630 , 0.027000
1631 , 0.027000
1632 , 0.028000
1633 , 0.027000
1634 , 0.026000
1635 , 0.029000
1636 , 0.027000
1637 , 0.031000
1638 , 0.027000
1639 , 0.027000
1640 , 0.027000
1641 , 0.030000
1642 , 0.026000
1643 , 0.027000
1644 , 0.027000
1645 , 0.028000
1646 , 0.028000
1647 , 0.027000
1648 , 0.027000
1649 , 0.027000
1650 , 0.028000
1651 , 0.029000
1652 , 0.027000
1653 , 0.034000
1654 , 0.027000
1655 , 0.028000
1656 , 0.029000
1657 , 0.026000
1658 , 0.030000
1659 , 0.028000
1660 , 0.029000
1661 , 0.027000
1662 , 0.029000
1663 , 0.027000
1664 , 0.027000
1665 , 0.027000
1666 , 0.027000
1667 , 0.041000
1668 , 0.029000
1669 , 0.028000
1670 , 0.028000
1671 , 0.029000
1672 , 0.028000
1673 , 0.028000
1674 , 0.027000
1675 , 0.027000
1676 , 0.028000
1677 , 0.036000
1678 , 0.028000
1679 , 0.028000
1680 , 0.029000
1681 , 0.027000
1682 , 0.029000
1683 , 0.028000
1684 , 0.031000
1685 , 0.028000
1686 , 0.030000
1687 , 0.028000
1688 , 0.030000
1689 , 0.028000
1690 , 0.030000
1691 , 0.028000
1692 , 0.030000
1693 , 0.028000
1694 , 0.029000
1695 , 0.028000
1696 , 0.030000
1697 , 0.029000
1698 , 0.030000
1699 , 0.027000
1700 , 0.030000
1701 , 0.029000
1702 , 0.033000
1703 , 0.027000
1704 , 0.031000
1705 , 0.028000
1706 , 0.030000
1707 , 0.028000
1708 , 0.031000
1709 , 0.028000
1710 , 0.029000
1711 , 0.027000
1712 , 0.031000
1713 , 0.028000
1714 , 0.030000
1715 , 0.028000
1716 , 0.030000
1717 , 0.028000
1718 , 0.030000
1719 , 0.028000
1720 , 0.027000
1721 , 0.028000
1722 , 0.027000
1723 , 0.027000
1724 , 0.028000
1725 , 0.027000
1726 , 0.027000
1727 , 0.028000
1728 , 0.028000
1729 , 0.028000
1730 , 0.028000
1731 , 0.028000
1732 , 0.036000
1733 , 0.028000
1734 , 0.027000
1735 , 0.029000
1736 , 0.028000
1737 , 0.031000
1738 , 0.028000
1739 , 0.030000
1740 , 0.028000
1741 , 0.031000
1742 , 0.028000
1743 , 0.031000
1744 , 0.029000
1745 , 0.030000
1746 , 0.028000
1747 , 0.030000
1748 , 0.028000
1749 , 0.030000
1750 , 0.027000
1751 , 0.031000
1752 , 0.028000
1753 , 0.032000
1754 , 0.028000
1755 , 0.030000
1756 , 0.028000
1757 , 0.030000
1758 , 0.028000
1759 , 0.030000
1760 , 0.028000
1761 , 0.031000
1762 , 0.029000
1763 , 0.030000
1764 , 0.028000
1765 , 0.030000
1766 , 0.028000
1767 , 0.031000
1768 , 0.028000
1769 , 0.029000
1770 , 0.028000
1771 , 0.031000
1772 , 0.029000
1773 , 0.030000
1774 , 0.028000
1775 , 0.030000
1776 , 0.029000
1777 , 0.030000
1778 , 0.029000
1779 , 0.029000
1780 , 0.029000
1781 , 0.030000
1782 , 0.028000
1783 , 0.031000
1784 , 0.027000
1785 , 0.031000
1786 , 0.028000
1787 , 0.029000
1788 , 0.028000
1789 , 0.054000
1790 , 0.031000
1791 , 0.027000
1792 , 0.028000
1793 , 0.027000
1794 , 0.028000
1795 , 0.027000
1796 , 0.028000
1797 , 0.028000
1798 , 0.027000
1799 , 0.033000
1800 , 0.031000
1801 , 0.027000
1802 , 0.026000
1803 , 0.027000
1804 , 0.027000
1805 , 0.027000
1806 , 0.027000
1807 , 0.028000
1808 , 0.026000
1809 , 0.047000
1810 , 0.026000
1811 , 0.027000
1812 , 0.028000
1813 , 0.026000
1814 , 0.027000
1815 , 0.027000
1816 , 0.027000
1817 , 0.027000
1818 , 0.027000
1819 , 0.027000
1820 , 0.026000
1821 , 0.027000
1822 , 0.027000
1823 , 0.027000
1824 , 0.027000
1825 , 0.027000
1826 , 0.027000
1827 , 0.027000
1828 , 0.028000
1829 , 0.027000
1830 , 0.027000
1831 , 0.027000
1832 , 0.027000
1833 , 0.028000
1834 , 0.028000
1835 , 0.028000
1836 , 0.028000
1837 , 0.028000
1838 , 0.028000
1839 , 0.027000
1840 , 0.028000
1841 , 0.028000
1842 , 0.028000
1843 , 0.028000
1844 , 0.036000
1845 , 0.029000
1846 , 0.036000
1847 , 0.029000
1848 , 0.028000
1849 , 0.028000
1850 , 0.028000
1851 , 0.031000
1852 , 0.028000
1853 , 0.028000
1854 , 0.028000
1855 , 0.029000
1856 , 0.028000
1857 , 0.030000
1858 , 0.029000
1859 , 0.029000
1860 , 0.028000
1861 , 0.029000
1862 , 0.029000
1863 , 0.037000
1864 , 0.031000
1865 , 0.030000
1866 , 0.030000
1867 , 0.031000
1868 , 0.029000
1869 , 0.033000
1870 , 0.029000
1871 , 0.031000
1872 , 0.029000
1873 , 0.032000
1874 , 0.030000
1875 , 0.029000
1876 , 0.029000
1877 , 0.029000
1878 , 0.030000
1879 , 0.030000
1880 , 0.029000
1881 , 0.029000
1882 , 0.038000
1883 , 0.029000
1884 , 0.030000
1885 , 0.029000
1886 , 0.030000
1887 , 0.028000
1888 , 0.030000
1889 , 0.028000
1890 , 0.029000
1891 , 0.029000
1892 , 0.028000
1893 , 0.029000
1894 , 0.030000
1895 , 0.031000
1896 , 0.030000
1897 , 0.031000
1898 , 0.033000
1899 , 0.030000
1900 , 0.034000
1901 , 0.030000
1902 , 0.033000
1903 , 0.030000
1904 , 0.031000
1905 , 0.031000
1906 , 0.031000
1907 , 0.031000
1908 , 0.031000
1909 , 0.031000
1910 , 0.032000
1911 , 0.033000
1912 , 0.030000
1913 , 0.053000
1914 , 0.036000
1915 , 0.034000
1916 , 0.034000
1917 , 0.029000
1918 , 0.033000
1919 , 0.039000
1920 , 0.030000
1921 , 0.030000
1922 , 0.031000
1923 , 0.030000
1924 , 0.031000
1925 , 0.030000
1926 , 0.030000
1927 , 0.032000
1928 , 0.031000
1929 , 0.039000
1930 , 0.030000
1931 , 0.029000
1932 , 0.030000
1933 , 0.030000
1934 , 0.030000
1935 , 0.038000
1936 , 0.030000
1937 , 0.029000
1938 , 0.031000
1939 , 0.030000
1940 , 0.032000
1941 , 0.030000
1942 , 0.030000
1943 , 0.030000
1944 , 0.030000
1945 , 0.030000
1946 , 0.030000
1947 , 0.037000
1948 , 0.026000
1949 , 0.029000
1950 , 0.027000
1951 , 0.026000
1952 , 0.029000
1953 , 0.028000
1954 , 0.026000
1955 , 0.026000
1956 , 0.027000
1957 , 0.026000
1958 , 0.027000
1959 , 0.027000
1960 , 0.028000
1961 , 0.034000
1962 , 0.027000
1963 , 0.027000
1964 , 0.027000
1965 , 0.027000
1966 , 0.026000
1967 , 0.027000
1968 , 0.028000
1969 , 0.036000
1970 , 0.027000
1971 , 0.031000
1972 , 0.027000
1973 , 0.033000
1974 , 0.028000
1975 , 0.034000
1976 , 0.035000
1977 , 0.027000
1978 , 0.026000
1979 , 0.028000
1980 , 0.029000
1981 , 0.027000
1982 , 0.029000
1983 , 0.026000
1984 , 0.030000
1985 , 0.027000
1986 , 0.029000
1987 , 0.027000
1988 , 0.030000
1989 , 0.028000
1990 , 0.030000
1991 , 0.027000
1992 , 0.029000
1993 , 0.034000
1994 , 0.029000
1995 , 0.029000
1996 , 0.029000
1997 , 0.027000
1998 , 0.028000
1999 , 0.034000
2000 , 0.030000
2001 , 0.028000
2002 , 0.028000
2003 , 0.034000
2004 , 0.030000
2005 , 0.027000
2006 , 0.036000
2007 , 0.033000
2008 , 0.030000
2009 , 0.035000
2010 , 0.029000
2011 , 0.027000
2012 , 0.030000
2013 , 0.027000
2014 , 0.028000
2015 , 0.027000
2016 , 0.029000
2017 , 0.027000
2018 , 0.030000
2019 , 0.027000
2020 , 0.029000
2021 , 0.026000
2022 , 0.030000
2023 , 0.027000
2024 , 0.029000
2025 , 0.027000
2026 , 0.029000
2027 , 0.027000
2028 , 0.029000
2029 , 0.026000
2030 , 0.040000
2031 , 0.032000
2032 , 0.027000
2033 , 0.026000
2034 , 0.027000
2035 , 0.027000
2036 , 0.027000
2037 , 0.027000
2038 , 0.027000
2039 , 0.026000
2040 , 0.028000
2041 , 0.027000
2042 , 0.030000
2043 , 0.026000
2044 , 0.029000
2045 , 0.028000
2046 , 0.032000
2047 , 0.027000
2048 , 0.027000
2049 , 0.027000
2050 , 0.027000
2051 , 0.027000
2052 , 0.026000
2053 , 0.027000
2054 , 0.027000
2055 , 0.027000
2056 , 0.027000
2057 , 0.028000
2058 , 0.027000
2059 , 0.030000
2060 , 0.027000
2061 , 0.027000
2062 , 0.027000
2063 , 0.032000
2064 , 0.026000
2065 , 0.027000
2066 , 0.027000
2067 , 0.028000
2068 , 0.026000
2069 , 0.027000
2070 , 0.027000
2071 , 0.027000
2072 , 0.027000
2073 , 0.036000
2074 , 0.027000
2075 , 0.027000
2076 , 0.029000
2077 , 0.027000
2078 , 0.036000
2079 , 0.035000
2080 , 0.028000
2081 , 0.028000
2082 , 0.027000
2083 , 0.027000
2084 , 0.028000
2085 , 0.028000
2086 , 0.030000
2087 , 0.028000
2088 , 0.030000
2089 , 0.028000
2090 , 0.031000
2091 , 0.028000
2092 , 0.029000
2093 , 0.028000
2094 , 0.030000
2095 , 0.028000
2096 , 0.029000
2097 , 0.027000
2098 , 0.027000
2099 , 0.029000
2100 , 0.029000
2101 , 0.028000
2102 , 0.032000
2103 , 0.029000
2104 , 0.029000
2105 , 0.028000
2106 , 0.030000
2107 , 0.027000
2108 , 0.032000
2109 , 0.028000
2110 , 0.039000
2111 , 0.028000
2112 , 0.030000
2113 , 0.031000
2114 , 0.028000
2115 , 0.037000
2116 , 0.029000
2117 , 0.031000
2118 , 0.029000
2119 , 0.037000
2120 , 0.030000
2121 , 0.030000
2122 , 0.028000
2123 , 0.029000
2124 , 0.028000
2125 , 0.028000
2126 , 0.029000
2127 , 0.028000
2128 , 0.030000
2129 , 0.028000
2130 , 0.029000
2131 , 0.028000
2132 , 0.029000
2133 , 0.028000
2134 , 0.029000
2135 , 0.029000
2136 , 0.029000
2137 , 0.029000
2138 , 0.029000
2139 , 0.030000
2140 , 0.029000
2141 , 0.038000
2142 , 0.036000
2143 , 0.029000
2144 , 0.033000
2145 , 0.038000
2146 , 0.029000
2147 , 0.030000
2148 , 0.031000
2149 , 0.030000
2150 , 0.030000
2151 , 0.030000
2152 , 0.030000
2153 , 0.031000
2154 , 0.030000
2155 , 0.030000
2156 , 0.031000
2157 , 0.116000
2158 , 0.030000
2159 , 0.030000
2160 , 0.033000
2161 , 0.029000
2162 , 0.032000
2163 , 0.030000
2164 , 0.031000
2165 , 0.031000
2166 , 0.030000
2167 , 0.029000
2168 , 0.029000
2169 , 0.030000
2170 , 0.029000
2171 , 0.029000
2172 , 0.028000
2173 , 0.029000
2174 , 0.028000
2175 , 0.028000
2176 , 0.028000
2177 , 0.029000
2178 , 0.029000
2179 , 0.029000
2180 , 0.029000
2181 , 0.029000
2182 , 0.029000
2183 , 0.029000
2184 , 0.029000
2185 , 0.029000
2186 , 0.028000
2187 , 0.030000
2188 , 0.029000
2189 , 0.029000
2190 , 0.029000
2191 , 0.030000
2192 , 0.029000
2193 , 0.029000
2194 , 0.028000
2195 , 0.028000
2196 , 0.028000
2197 , 0.029000
2198 , 0.028000
2199 , 0.029000
2200 , 0.027000
2201 , 0.027000
2202 , 0.027000
2203 , 0.034000
2204 , 0.027000
2205 , 0.027000
2206 , 0.029000
2207 , 0.027000
2208 , 0.028000
2209 , 0.026000
2210 , 0.030000
2211 , 0.027000
2212 , 0.028000
2213 , 0.027000
2214 , 0.028000
2215 , 0.027000
2216 , 0.027000
2217 , 0.028000
2218 , 0.028000
2219 , 0.027000
2220 , 0.027000
2221 , 0.028000
2222 , 0.027000
2223 , 0.029000
2224 , 0.027000
2225 , 0.027000
2226 , 0.027000
2227 , 0.029000
2228 , 0.028000
2229 , 0.028000
2230 , 0.028000
2231 , 0.026000
2232 , 0.027000
2233 , 0.027000
2234 , 0.027000
2235 , 0.028000
2236 , 0.026000
2237 , 0.027000
2238 , 0.028000
2239 , 0.028000
2240 , 0.029000
2241 , 0.027000
2242 , 0.029000
2243 , 0.027000
2244 , 0.028000
2245 , 0.026000
2246 , 0.027000
2247 , 0.027000
2248 , 0.027000
2249 , 0.027000
2250 , 0.027000
2251 , 0.027000
2252 , 0.026000
2253 , 0.030000
2254 , 0.026000
2255 , 0.027000
2256 , 0.027000
2257 , 0.030000
2258 , 0.027000
2259 , 0.030000
2260 , 0.027000
2261 , 0.027000
2262 , 0.028000
2263 , 0.027000
2264 , 0.026000
2265 , 0.027000
2266 , 0.029000
2267 , 0.027000
2268 , 0.026000
2269 , 0.027000
2270 , 0.028000
2271 , 0.032000
2272 , 0.029000
2273 , 0.027000
2274 , 0.028000
2275 , 0.027000
2276 , 0.029000
2277 , 0.027000
2278 , 0.027000
2279 , 0.027000
2280 , 0.027000
2281 , 0.027000
2282 , 0.027000
2283 , 0.050000
2284 , 0.032000
2285 , 0.027000
2286 , 0.028000
2287 , 0.027000
2288 , 0.029000
2289 , 0.027000
2290 , 0.030000
2291 , 0.027000
2292 , 0.029000
2293 , 0.027000
2294 , 0.028000
2295 , 0.027000
2296 , 0.027000
2297 , 0.027000
2298 , 0.027000
2299 , 0.027000
2300 , 0.027000
2301 , 0.027000
2302 , 0.027000
2303 , 0.027000
2304 , 0.027000
2305 , 0.027000
2306 , 0.027000
2307 , 0.027000
2308 , 0.064000
2309 , 0.027000
2310 , 0.027000
2311 , 0.027000
2312 , 0.026000
2313 , 0.026000
2314 , 0.026000
2315 , 0.028000
2316 , 0.027000
2317 , 0.027000
2318 , 0.027000
2319 , 0.027000
2320 , 0.027000
2321 , 0.028000
2322 , 0.028000
2323 , 0.027000
2324 , 0.028000
2325 , 0.027000
2326 , 0.027000
2327 , 0.027000
2328 , 0.027000
2329 , 0.027000
2330 , 0.028000
2331 , 0.027000
2332 , 0.030000
2333 , 0.027000
2334 , 0.030000
2335 , 0.027000
2336 , 0.026000
2337 , 0.028000
2338 , 0.030000
2339 , 0.027000
2340 , 0.029000
2341 , 0.027000
2342 , 0.027000
2343 , 0.028000
2344 , 0.029000
2345 , 0.028000
2346 , 0.027000
2347 , 0.028000
2348 , 0.034000
2349 , 0.027000
2350 , 0.027000
2351 , 0.030000
2352 , 0.027000
2353 , 0.030000
2354 , 0.027000
2355 , 0.028000
2356 , 0.028000
2357 , 0.030000
2358 , 0.027000
2359 , 0.027000
2360 , 0.028000
2361 , 0.029000
2362 , 0.028000
2363 , 0.028000
2364 , 0.027000
2365 , 0.030000
2366 , 0.028000
2367 , 0.027000
2368 , 0.029000
2369 , 0.027000
2370 , 0.027000
2371 , 0.027000
2372 , 0.028000
2373 , 0.027000
2374 , 0.030000
2375 , 0.036000
2376 , 0.030000
2377 , 0.029000
2378 , 0.027000
2379 , 0.031000
2380 , 0.027000
2381 , 0.027000
2382 , 0.027000
2383 , 0.029000
2384 , 0.027000
2385 , 0.028000
2386 , 0.028000
2387 , 0.027000
2388 , 0.028000
2389 , 0.027000
2390 , 0.027000
2391 , 0.027000
2392 , 0.030000
2393 , 0.028000
2394 , 0.030000
2395 , 0.027000
2396 , 0.046000
2397 , 0.032000
2398 , 0.026000
2399 , 0.030000
2400 , 0.028000
2401 , 0.029000
2402 , 0.028000
2403 , 0.032000
2404 , 0.028000
2405 , 0.028000
2406 , 0.028000
2407 , 0.029000
2408 , 0.028000
2409 , 0.029000
2410 , 0.029000
2411 , 0.029000
2412 , 0.028000
2413 , 0.029000
2414 , 0.028000
2415 , 0.028000
2416 , 0.029000
2417 , 0.028000
2418 , 0.027000
2419 , 0.028000
2420 , 0.028000
2421 , 0.036000
2422 , 0.027000
2423 , 0.029000
2424 , 0.028000
2425 , 0.029000
2426 , 0.030000
2427 , 0.028000
2428 , 0.031000
2429 , 0.029000
2430 , 0.032000
2431 , 0.028000
2432 , 0.030000
2433 , 0.028000
2434 , 0.031000
2435 , 0.027000
2436 , 0.030000
2437 , 0.028000
2438 , 0.032000
2439 , 0.028000
2440 , 0.030000
2441 , 0.028000
2442 , 0.030000
2443 , 0.028000
2444 , 0.031000
2445 , 0.028000
2446 , 0.031000
2447 , 0.028000
2448 , 0.030000
2449 , 0.028000
2450 , 0.031000
2451 , 0.028000
2452 , 0.031000
2453 , 0.028000
2454 , 0.032000
2455 , 0.028000
2456 , 0.031000
2457 , 0.029000
2458 , 0.030000
2459 , 0.029000
2460 , 0.029000
2461 , 0.028000
2462 , 0.030000
2463 , 0.028000
2464 , 0.031000
2465 , 0.028000
2466 , 0.030000
2467 , 0.028000
2468 , 0.031000
2469 , 0.028000
2470 , 0.032000
2471 , 0.028000
2472 , 0.031000
2473 , 0.029000
2474 , 0.031000
2475 , 0.028000
2476 , 0.028000
2477 , 0.028000
2478 , 0.031000
2479 , 0.028000
2480 , 0.031000
2481 , 0.029000
2482 , 0.030000
2483 , 0.029000
2484 , 0.028000
2485 , 0.028000
2486 , 0.030000
2487 , 0.029000
2488 , 0.030000
2489 , 0.028000
2490 , 0.031000
2491 , 0.028000
2492 , 0.031000
2493 , 0.028000
2494 , 0.031000
2495 , 0.028000
2496 , 0.032000
2497 , 0.028000
2498 , 0.030000
2499 , 0.028000
2500 , 0.030000
2501 , 0.028000
2502 , 0.030000
2503 , 0.028000
2504 , 0.031000
2505 , 0.028000
2506 , 0.031000
2507 , 0.028000
2508 , 0.032000
2509 , 0.029000
2510 , 0.030000
2511 , 0.028000
2512 , 0.030000
2513 , 0.028000
2514 , 0.031000
2515 , 0.028000
2516 , 0.031000
2517 , 0.029000
2518 , 0.030000
2519 , 0.029000
2520 , 0.029000
2521 , 0.028000
2522 , 0.030000
2523 , 0.037000
2524 , 0.029000
2525 , 0.029000
2526 , 0.029000
2527 , 0.029000
2528 , 0.029000
2529 , 0.029000
2530 , 0.028000
2531 , 0.028000
2532 , 0.028000
2533 , 0.028000
2534 , 0.027000
2535 , 0.028000
2536 , 0.028000
2537 , 0.037000
2538 , 0.028000
2539 , 0.028000
2540 , 0.029000
2541 , 0.029000
2542 , 0.030000
2543 , 0.028000
2544 , 0.030000
2545 , 0.028000
2546 , 0.032000
2547 , 0.028000
2548 , 0.030000
2549 , 0.028000
2550 , 0.031000
2551 , 0.028000
2552 , 0.030000
2553 , 0.029000
2554 , 0.030000
2555 , 0.030000
2556 , 0.029000
2557 , 0.028000
2558 , 0.030000
2559 , 0.029000
2560 , 0.030000
2561 , 0.028000
2562 , 0.030000
2563 , 0.028000
2564 , 0.031000
2565 , 0.028000
2566 , 0.031000
2567 , 0.029000
2568 , 0.031000
2569 , 0.028000
2570 , 0.029000
2571 , 0.029000
2572 , 0.030000
2573 , 0.029000
2574 , 0.031000
2575 , 0.028000
2576 , 0.030000
2577 , 0.032000
2578 , 0.027000
2579 , 0.028000
2580 , 0.029000
2581 , 0.028000
2582 , 0.031000
2583 , 0.027000
2584 , 0.030000
2585 , 0.028000
2586 , 0.032000
2587 , 0.028000
2588 , 0.029000
2589 , 0.028000
2590 , 0.030000
2591 , 0.029000
2592 , 0.028000
2593 , 0.027000
2594 , 0.030000
2595 , 0.029000
2596 , 0.029000
2597 , 0.028000
2598 , 0.031000
2599 , 0.028000
2600 , 0.032000
2601 , 0.028000
2602 , 0.029000
2603 , 0.028000
2604 , 0.031000
2605 , 0.027000
2606 , 0.030000
2607 , 0.029000
2608 , 0.030000
2609 , 0.029000
2610 , 0.030000
2611 , 0.028000
2612 , 0.031000
2613 , 0.028000
2614 , 0.030000
2615 , 0.028000
2616 , 0.030000
2617 , 0.028000
2618 , 0.030000
2619 , 0.027000
2620 , 0.029000
2621 , 0.027000
2622 , 0.031000
2623 , 0.028000
2624 , 0.030000
2625 , 0.028000
2626 , 0.030000
2627 , 0.029000
2628 , 0.030000
2629 , 0.027000
2630 , 0.030000
2631 , 0.039000
2632 , 0.029000
2633 , 0.028000
2634 , 0.028000
2635 , 0.030000
2636 , 0.029000
2637 , 0.031000
2638 , 0.028000
2639 , 0.031000
2640 , 0.028000
2641 , 0.032000
2642 , 0.028000
2643 , 0.029000
2644 , 0.027000
2645 , 0.034000
2646 , 0.028000
2647 , 0.033000
2648 , 0.027000
2649 , 0.120000
2650 , 0.031000
2651 , 0.027000
2652 , 0.028000
2653 , 0.028000
2654 , 0.028000
2655 , 0.028000
2656 , 0.030000
2657 , 0.028000
2658 , 0.030000
2659 , 0.027000
2660 , 0.031000
2661 , 0.027000
2662 , 0.030000
2663 , 0.027000
2664 , 0.028000
2665 , 0.028000
2666 , 0.031000
2667 , 0.028000
2668 , 0.030000
2669 , 0.029000
2670 , 0.030000
2671 , 0.028000
2672 , 0.030000
2673 , 0.031000
2674 , 0.039000
2675 , 0.032000
2676 , 0.030000
2677 , 0.031000
2678 , 0.031000
2679 , 0.034000
2680 , 0.029000
2681 , 0.030000
2682 , 0.029000
2683 , 0.029000
2684 , 0.028000
2685 , 0.029000
2686 , 0.028000
2687 , 0.028000
2688 , 0.028000
2689 , 0.029000
2690 , 0.029000
2691 , 0.028000
2692 , 0.029000
2693 , 0.027000
2694 , 0.027000
2695 , 0.027000
2696 , 0.028000
2697 , 0.030000
2698 , 0.028000
2699 , 0.035000
2700 , 0.028000
2701 , 0.028000
2702 , 0.030000
2703 , 0.028000
2704 , 0.031000
2705 , 0.029000
2706 , 0.030000
2707 , 0.029000
2708 , 0.029000
2709 , 0.028000
2710 , 0.030000
2711 , 0.028000
2712 , 0.030000
2713 , 0.029000
2714 , 0.030000
2715 , 0.028000
2716 , 0.030000
2717 , 0.028000
2718 , 0.031000
2719 , 0.028000
2720 , 0.031000
2721 , 0.028000
2722 , 0.031000
2723 , 0.028000
2724 , 0.029000
2725 , 0.028000
2726 , 0.030000
2727 , 0.028000
2728 , 0.030000
2729 , 0.029000
2730 , 0.030000
2731 , 0.029000
2732 , 0.028000
2733 , 0.029000
2734 , 0.030000
2735 , 0.029000
2736 , 0.031000
2737 , 0.028000
2738 , 0.029000
2739 , 0.027000
2740 , 0.032000
2741 , 0.027000
2742 , 0.030000
2743 , 0.028000
2744 , 0.032000
2745 , 0.027000
2746 , 0.030000
2747 , 0.029000
2748 , 0.047000
2749 , 0.041000
2750 , 0.040000
2751 , 0.035000
2752 , 0.036000
2753 , 0.029000
2754 , 0.040000
2755 , 0.028000
2756 , 0.047000
2757 , 0.036000
2758 , 0.042000
2759 , 0.044000
2760 , 0.033000
2761 , 0.029000
2762 , 0.026000
2763 , 0.029000
2764 , 0.025000
2765 , 0.025000
2766 , 0.024000
2767 , 0.032000
2768 , 0.023000
2769 , 0.033000
2770 , 0.044000
2771 , 0.030000
2772 , 0.035000
2773 , 0.028000
2774 , 0.028000
2775 , 0.028000
2776 , 0.026000
2777 , 0.027000
2778 , 0.027000
2779 , 0.029000
2780 , 0.027000
2781 , 0.026000
2782 , 0.027000
2783 , 0.028000
2784 , 0.027000
2785 , 0.027000
2786 , 0.027000
2787 , 0.028000
2788 , 0.027000
2789 , 0.027000
2790 , 0.028000
2791 , 0.026000
2792 , 0.030000
2793 , 0.027000
2794 , 0.029000
2795 , 0.027000
2796 , 0.029000
2797 , 0.027000
2798 , 0.028000
2799 , 0.028000
2800 , 0.026000
2801 , 0.030000
2802 , 0.038000
2803 , 0.031000
2804 , 0.029000
2805 , 0.029000
2806 , 0.027000
2807 , 0.028000
2808 , 0.027000
2809 , 0.028000
2810 , 0.028000
2811 , 0.027000
2812 , 0.027000
2813 , 0.028000
2814 , 0.036000
2815 , 0.026000
2816 , 0.026000
2817 , 0.027000
2818 , 0.027000
2819 , 0.028000
2820 , 0.027000
2821 , 0.027000
2822 , 0.027000
2823 , 0.028000
2824 , 0.027000
