1 , 0.167000
2 , 0.034000
3 , 0.035000
4 , 0.084000
5 , 0.042000
6 , 0.036000
7 , 0.031000
8 , 0.030000
9 , 0.027000
10 , 0.028000
11 , 0.029000
12 , 0.030000
13 , 0.028000
14 , 0.027000
15 , 0.029000
16 , 0.029000
17 , 0.028000
18 , 0.083000
19 , 0.089000
20 , 0.080000
21 , 0.079000
22 , 0.073000
23 , 0.074000
24 , 0.072000
25 , 0.073000
26 , 0.104000
27 , 0.102000
28 , 0.143000
29 , 0.145000
30 , 0.146000
31 , 0.148000
32 , 0.154000
33 , 0.220000
34 , 0.166000
35 , 0.148000
36 , 0.133000
37 , 0.132000
38 , 0.075000
39 , 0.073000
40 , 0.071000
41 , 0.072000
42 , 0.074000
43 , 0.072000
44 , 0.071000
45 , 0.071000
46 , 0.073000
47 , 0.074000
48 , 0.077000
49 , 0.077000
50 , 0.077000
51 , 0.074000
52 , 0.077000
53 , 0.075000
54 , 0.104000
55 , 0.120000
56 , 0.082000
57 , 0.082000
58 , 0.083000
59 , 0.081000
60 , 0.080000
61 , 0.081000
62 , 0.082000
63 , 0.080000
64 , 0.080000
65 , 0.081000
66 , 0.080000
67 , 0.080000
68 , 0.082000
69 , 0.082000
70 , 0.081000
71 , 0.103000
72 , 0.103000
73 , 0.080000
74 , 0.080000
75 , 0.080000
76 , 0.083000
77 , 0.080000
78 , 0.081000
79 , 0.082000
80 , 0.101000
81 , 0.080000
82 , 0.082000
83 , 0.080000
84 , 0.080000
85 , 0.092000
86 , 0.082000
87 , 0.081000
88 , 0.082000
89 , 0.082000
90 , 0.083000
91 , 0.082000
92 , 0.082000
93 , 0.083000
94 , 0.083000
95 , 0.082000
96 , 0.082000
97 , 0.109000
98 , 0.086000
99 , 0.094000
100 , 0.057000
101 , 0.092000
102 , 0.088000
103 , 0.105000
104 , 0.092000
105 , 0.114000
106 , 0.137000
107 , 0.093000
108 , 0.106000
109 , 0.084000
110 , 0.083000
111 , 0.083000
112 , 0.082000
113 , 0.086000
114 , 0.080000
115 , 0.082000
116 , 0.083000
117 , 0.084000
118 , 0.081000
119 , 0.082000
120 , 0.081000
121 , 0.080000
122 , 0.083000
123 , 0.081000
124 , 0.081000
125 , 0.081000
126 , 0.083000
127 , 0.170000
128 , 0.056000
129 , 0.041000
130 , 0.042000
131 , 0.047000
132 , 0.037000
133 , 0.040000
134 , 0.038000
135 , 0.041000
136 , 0.037000
137 , 0.037000
138 , 0.041000
139 , 0.044000
140 , 0.039000
141 , 0.040000
142 , 0.038000
143 , 0.037000
144 , 0.039000
145 , 0.039000
146 , 0.037000
147 , 0.038000
148 , 0.037000
149 , 0.039000
150 , 0.040000
151 , 0.037000
152 , 0.039000
153 , 0.040000
154 , 0.037000
155 , 0.040000
156 , 0.049000
157 , 0.039000
158 , 0.038000
159 , 0.050000
160 , 0.037000
161 , 0.038000
162 , 0.053000
163 , 0.037000
164 , 0.039000
165 , 0.037000
166 , 0.038000
167 , 0.039000
168 , 0.039000
169 , 0.040000
170 , 0.039000
171 , 0.037000
172 , 0.041000
173 , 0.039000
174 , 0.036000
175 , 0.041000
176 , 0.040000
177 , 0.037000
178 , 0.040000
179 , 0.039000
180 , 0.038000
181 , 0.039000
182 , 0.041000
183 , 0.037000
184 , 0.041000
185 , 0.049000
186 , 0.037000
187 , 0.036000
188 , 0.037000
189 , 0.041000
190 , 0.040000
191 , 0.037000
192 , 0.039000
193 , 0.040000
194 , 0.036000
195 , 0.040000
196 , 0.039000
197 , 0.037000
198 , 0.040000
199 , 0.040000
200 , 0.037000
201 , 0.040000
202 , 0.040000
203 , 0.037000
204 , 0.036000
205 , 0.037000
206 , 0.039000
207 , 0.040000
208 , 0.036000
209 , 0.038000
210 , 0.037000
211 , 0.038000
212 , 0.039000
213 , 0.037000
214 , 0.040000
215 , 0.043000
216 , 0.038000
217 , 0.039000
218 , 0.044000
219 , 0.043000
220 , 0.038000
221 , 0.038000
222 , 0.039000
223 , 0.041000
224 , 0.039000
225 , 0.041000
226 , 0.039000
227 , 0.036000
228 , 0.039000
229 , 0.040000
230 , 0.037000
231 , 0.039000
232 , 0.048000
233 , 0.037000
234 , 0.040000
235 , 0.036000
236 , 0.037000
237 , 0.040000
238 , 0.038000
239 , 0.039000
240 , 0.043000
241 , 0.046000
242 , 0.039000
243 , 0.037000
244 , 0.038000
245 , 0.036000
246 , 0.036000
247 , 0.038000
248 , 0.038000
249 , 0.037000
250 , 0.038000
251 , 0.038000
252 , 0.037000
253 , 0.037000
254 , 0.036000
255 , 0.036000
256 , 0.038000
257 , 0.037000
258 , 0.038000
259 , 0.036000
260 , 0.048000
261 , 0.037000
262 , 0.036000
263 , 0.036000
264 , 0.037000
265 , 0.038000
266 , 0.037000
267 , 0.037000
268 , 0.037000
269 , 0.038000
270 , 0.036000
271 , 0.037000
272 , 0.036000
273 , 0.036000
274 , 0.039000
275 , 0.037000
276 , 0.037000
277 , 0.037000
278 , 0.038000
279 , 0.036000
280 , 0.037000
281 , 0.037000
282 , 0.042000
283 , 0.038000
284 , 0.037000
285 , 0.036000
286 , 0.036000
287 , 0.038000
288 , 0.048000
289 , 0.036000
290 , 0.036000
291 , 0.036000
292 , 0.038000
293 , 0.036000
294 , 0.047000
295 , 0.036000
296 , 0.037000
297 , 0.036000
298 , 0.036000
299 , 0.037000
300 , 0.037000
301 , 0.038000
302 , 0.037000
303 , 0.036000
304 , 0.036000
305 , 0.047000
306 , 0.036000
307 , 0.037000
308 , 0.036000
309 , 0.036000
310 , 0.039000
311 , 0.037000
312 , 0.128000
313 , 0.038000
314 , 0.037000
315 , 0.037000
316 , 0.037000
317 , 0.036000
318 , 0.037000
319 , 0.036000
320 , 0.036000
321 , 0.036000
322 , 0.037000
323 , 0.036000
324 , 0.036000
325 , 0.036000
326 , 0.037000
327 , 0.037000
328 , 0.037000
329 , 0.037000
330 , 0.037000
331 , 0.036000
332 , 0.037000
333 , 0.036000
334 , 0.036000
335 , 0.037000
336 , 0.037000
337 , 0.037000
338 , 0.036000
339 , 0.037000
340 , 0.036000
341 , 0.046000
342 , 0.037000
343 , 0.037000
344 , 0.037000
345 , 0.037000
346 , 0.037000
347 , 0.046000
348 , 0.038000
349 , 0.037000
350 , 0.037000
351 , 0.036000
352 , 0.036000
353 , 0.036000
354 , 0.037000
355 , 0.037000
356 , 0.036000
357 , 0.038000
358 , 0.037000
359 , 0.037000
360 , 0.047000
361 , 0.037000
362 , 0.036000
363 , 0.037000
364 , 0.038000
365 , 0.037000
366 , 0.037000
367 , 0.036000
368 , 0.036000
369 , 0.038000
370 , 0.037000
371 , 0.038000
372 , 0.036000
373 , 0.037000
374 , 0.037000
375 , 0.037000
376 , 0.037000
377 , 0.036000
378 , 0.037000
379 , 0.036000
380 , 0.037000
381 , 0.036000
382 , 0.037000
383 , 0.037000
384 , 0.037000
385 , 0.037000
386 , 0.037000
387 , 0.037000
388 , 0.037000
389 , 0.037000
390 , 0.047000
391 , 0.037000
392 , 0.037000
393 , 0.036000
394 , 0.036000
395 , 0.045000
396 , 0.038000
397 , 0.036000
398 , 0.047000
399 , 0.045000
400 , 0.038000
401 , 0.037000
402 , 0.037000
403 , 0.037000
404 , 0.038000
405 , 0.039000
406 , 0.067000
407 , 0.036000
408 , 0.035000
409 , 0.035000
410 , 0.034000
411 , 0.035000
412 , 0.034000
413 , 0.035000
414 , 0.037000
415 , 0.033000
416 , 0.036000
417 , 0.050000
418 , 0.036000
419 , 0.047000
420 , 0.046000
421 , 0.036000
422 , 0.036000
423 , 0.036000
424 , 0.037000
425 , 0.035000
426 , 0.035000
427 , 0.035000
428 , 0.035000
429 , 0.036000
430 , 0.035000
431 , 0.036000
432 , 0.035000
433 , 0.037000
434 , 0.035000
435 , 0.036000
436 , 0.035000
437 , 0.036000
438 , 0.035000
439 , 0.035000
440 , 0.035000
441 , 0.035000
442 , 0.036000
443 , 0.034000
444 , 0.035000
445 , 0.054000
446 , 0.049000
447 , 0.036000
448 , 0.034000
449 , 0.036000
450 , 0.038000
451 , 0.034000
452 , 0.049000
453 , 0.034000
454 , 0.039000
455 , 0.034000
456 , 0.036000
457 , 0.035000
458 , 0.035000
459 , 0.040000
460 , 0.034000
461 , 0.038000
462 , 0.034000
463 , 0.035000
464 , 0.047000
465 , 0.059000
466 , 0.074000
467 , 0.092000
468 , 0.097000
469 , 0.103000
470 , 0.088000
471 , 0.107000
472 , 0.085000
473 , 0.089000
474 , 0.105000
475 , 0.095000
476 , 0.093000
477 , 0.094000
478 , 0.095000
479 , 0.093000
480 , 0.184000
481 , 0.034000
482 , 0.037000
483 , 0.046000
484 , 0.057000
485 , 0.041000
486 , 0.042000
487 , 0.043000
488 , 0.035000
489 , 0.035000
490 , 0.034000
491 , 0.035000
492 , 0.035000
493 , 0.034000
494 , 0.035000
495 , 0.035000
496 , 0.034000
497 , 0.036000
498 , 0.034000
499 , 0.036000
500 , 0.035000
501 , 0.038000
502 , 0.035000
503 , 0.035000
504 , 0.035000
505 , 0.035000
506 , 0.034000
507 , 0.036000
508 , 0.036000
509 , 0.037000
510 , 0.035000
511 , 0.038000
512 , 0.039000
513 , 0.035000
514 , 0.039000
515 , 0.034000
516 , 0.035000
517 , 0.036000
518 , 0.035000
519 , 0.036000
520 , 0.037000
521 , 0.037000
522 , 0.038000
523 , 0.037000
524 , 0.038000
525 , 0.038000
526 , 0.035000
527 , 0.036000
528 , 0.035000
529 , 0.036000
530 , 0.035000
531 , 0.037000
532 , 0.035000
533 , 0.037000
534 , 0.036000
535 , 0.036000
536 , 0.037000
537 , 0.035000
538 , 0.038000
539 , 0.036000
540 , 0.035000
541 , 0.034000
542 , 0.037000
543 , 0.035000
544 , 0.035000
545 , 0.035000
546 , 0.036000
547 , 0.036000
548 , 0.037000
549 , 0.035000
550 , 0.037000
551 , 0.037000
552 , 0.035000
553 , 0.038000
554 , 0.036000
555 , 0.053000
556 , 0.044000
557 , 0.038000
558 , 0.035000
559 , 0.037000
560 , 0.038000
561 , 0.035000
562 , 0.035000
563 , 0.035000
564 , 0.038000
565 , 0.055000
566 , 0.041000
567 , 0.038000
568 , 0.036000
569 , 0.036000
570 , 0.038000
571 , 0.038000
572 , 0.035000
573 , 0.038000
574 , 0.036000
575 , 0.035000
576 , 0.035000
577 , 0.036000
578 , 0.034000
579 , 0.036000
580 , 0.035000
581 , 0.035000
582 , 0.035000
583 , 0.037000
584 , 0.036000
585 , 0.035000
586 , 0.035000
587 , 0.036000
588 , 0.035000
589 , 0.034000
590 , 0.035000
591 , 0.036000
592 , 0.035000
593 , 0.035000
594 , 0.035000
595 , 0.038000
596 , 0.037000
597 , 0.038000
598 , 0.036000
599 , 0.035000
600 , 0.048000
601 , 0.034000
602 , 0.035000
603 , 0.035000
604 , 0.036000
605 , 0.035000
606 , 0.034000
607 , 0.034000
608 , 0.035000
609 , 0.036000
610 , 0.035000
611 , 0.035000
612 , 0.035000
613 , 0.034000
614 , 0.035000
615 , 0.034000
616 , 0.034000
617 , 0.035000
618 , 0.035000
619 , 0.036000
620 , 0.035000
621 , 0.035000
622 , 0.036000
623 , 0.035000
624 , 0.035000
625 , 0.035000
626 , 0.035000
627 , 0.035000
628 , 0.036000
629 , 0.036000
630 , 0.037000
631 , 0.035000
632 , 0.036000
633 , 0.035000
634 , 0.036000
635 , 0.034000
636 , 0.036000
637 , 0.037000
638 , 0.035000
639 , 0.035000
640 , 0.036000
641 , 0.035000
642 , 0.036000
643 , 0.035000
644 , 0.035000
645 , 0.035000
646 , 0.036000
647 , 0.037000
648 , 0.036000
649 , 0.036000
650 , 0.036000
651 , 0.035000
652 , 0.035000
653 , 0.036000
654 , 0.036000
655 , 0.035000
656 , 0.035000
657 , 0.035000
658 , 0.035000
659 , 0.035000
660 , 0.036000
661 , 0.035000
662 , 0.035000
663 , 0.064000
664 , 0.034000
665 , 0.034000
666 , 0.036000
667 , 0.033000
668 , 0.034000
669 , 0.034000
670 , 0.034000
671 , 0.034000
672 , 0.033000
673 , 0.034000
674 , 0.033000
675 , 0.035000
676 , 0.033000
677 , 0.033000
678 , 0.034000
679 , 0.034000
680 , 0.033000
681 , 0.034000
682 , 0.034000
683 , 0.033000
684 , 0.034000
685 , 0.033000
686 , 0.033000
687 , 0.032000
688 , 0.034000
689 , 0.033000
690 , 0.033000
691 , 0.034000
692 , 0.039000
693 , 0.035000
694 , 0.034000
695 , 0.032000
696 , 0.034000
697 , 0.033000
698 , 0.033000
699 , 0.033000
700 , 0.034000
701 , 0.033000
702 , 0.033000
703 , 0.034000
704 , 0.041000
705 , 0.035000
706 , 0.043000
707 , 0.033000
708 , 0.042000
709 , 0.034000
710 , 0.033000
711 , 0.042000
712 , 0.033000
713 , 0.040000
714 , 0.034000
715 , 0.032000
716 , 0.034000
717 , 0.033000
718 , 0.034000
719 , 0.032000
720 , 0.033000
721 , 0.033000
722 , 0.033000
723 , 0.034000
724 , 0.033000
725 , 0.033000
726 , 0.033000
727 , 0.035000
728 , 0.033000
729 , 0.033000
730 , 0.033000
731 , 0.033000
732 , 0.034000
733 , 0.033000
734 , 0.042000
735 , 0.033000
736 , 0.034000
737 , 0.033000
738 , 0.033000
739 , 0.033000
740 , 0.033000
741 , 0.034000
742 , 0.043000
743 , 0.042000
744 , 0.034000
745 , 0.034000
746 , 0.043000
747 , 0.033000
748 , 0.032000
749 , 0.033000
750 , 0.035000
751 , 0.034000
752 , 0.034000
753 , 0.034000
754 , 0.035000
755 , 0.033000
756 , 0.033000
757 , 0.033000
758 , 0.034000
759 , 0.044000
760 , 0.042000
761 , 0.043000
762 , 0.034000
763 , 0.034000
764 , 0.033000
765 , 0.033000
766 , 0.042000
767 , 0.033000
768 , 0.035000
769 , 0.156000
770 , 0.033000
771 , 0.033000
772 , 0.033000
773 , 0.042000
774 , 0.033000
775 , 0.033000
776 , 0.033000
777 , 0.033000
778 , 0.032000
779 , 0.033000
780 , 0.033000
781 , 0.042000
782 , 0.033000
783 , 0.033000
784 , 0.032000
785 , 0.033000
786 , 0.033000
787 , 0.034000
788 , 0.033000
789 , 0.033000
790 , 0.034000
791 , 0.033000
792 , 0.033000
793 , 0.033000
794 , 0.033000
795 , 0.043000
796 , 0.033000
797 , 0.033000
798 , 0.034000
799 , 0.034000
800 , 0.033000
801 , 0.033000
802 , 0.033000
803 , 0.034000
804 , 0.033000
805 , 0.043000
806 , 0.034000
807 , 0.033000
808 , 0.033000
809 , 0.033000
810 , 0.034000
811 , 0.033000
812 , 0.042000
813 , 0.034000
814 , 0.033000
815 , 0.033000
816 , 0.033000
817 , 0.034000
818 , 0.033000
819 , 0.033000
820 , 0.033000
821 , 0.034000
822 , 0.033000
823 , 0.033000
824 , 0.033000
825 , 0.034000
826 , 0.035000
827 , 0.033000
828 , 0.042000
829 , 0.046000
830 , 0.044000
831 , 0.033000
832 , 0.035000
833 , 0.034000
834 , 0.046000
835 , 0.033000
836 , 0.046000
837 , 0.035000
838 , 0.046000
839 , 0.034000
840 , 0.036000
841 , 0.033000
842 , 0.036000
843 , 0.033000
844 , 0.042000
845 , 0.033000
846 , 0.035000
847 , 0.033000
848 , 0.035000
849 , 0.033000
850 , 0.035000
851 , 0.034000
852 , 0.033000
853 , 0.033000
854 , 0.033000
855 , 0.034000
856 , 0.033000
857 , 0.033000
858 , 0.032000
859 , 0.043000
860 , 0.034000
861 , 0.034000
862 , 0.033000
863 , 0.032000
864 , 0.035000
865 , 0.033000
866 , 0.033000
867 , 0.032000
868 , 0.033000
869 , 0.034000
870 , 0.051000
871 , 0.034000
872 , 0.033000
873 , 0.033000
874 , 0.033000
875 , 0.032000
876 , 0.034000
877 , 0.033000
878 , 0.043000
879 , 0.033000
880 , 0.033000
881 , 0.034000
882 , 0.033000
883 , 0.033000
884 , 0.034000
885 , 0.034000
886 , 0.033000
887 , 0.033000
888 , 0.033000
889 , 0.043000
890 , 0.034000
891 , 0.033000
892 , 0.035000
893 , 0.033000
894 , 0.035000
895 , 0.033000
896 , 0.034000
897 , 0.033000
898 , 0.043000
899 , 0.034000
900 , 0.033000
901 , 0.034000
902 , 0.048000
903 , 0.035000
904 , 0.045000
905 , 0.034000
906 , 0.047000
907 , 0.034000
908 , 0.044000
909 , 0.035000
910 , 0.037000
911 , 0.035000
912 , 0.036000
913 , 0.034000
914 , 0.047000
915 , 0.041000
916 , 0.033000
917 , 0.042000
918 , 0.033000
919 , 0.046000
920 , 0.033000
921 , 0.038000
922 , 0.033000
923 , 0.034000
924 , 0.034000
925 , 0.037000
926 , 0.033000
927 , 0.035000
928 , 0.042000
929 , 0.044000
930 , 0.035000
931 , 0.044000
932 , 0.033000
933 , 0.045000
934 , 0.034000
935 , 0.041000
936 , 0.034000
937 , 0.045000
938 , 0.033000
939 , 0.036000
940 , 0.033000
941 , 0.043000
942 , 0.042000
943 , 0.036000
944 , 0.033000
945 , 0.038000
946 , 0.033000
947 , 0.035000
948 , 0.035000
949 , 0.043000
950 , 0.033000
951 , 0.042000
952 , 0.034000
953 , 0.034000
954 , 0.033000
955 , 0.043000
956 , 0.033000
957 , 0.037000
958 , 0.033000
959 , 0.044000
960 , 0.033000
961 , 0.046000
962 , 0.032000
963 , 0.034000
964 , 0.042000
965 , 0.047000
966 , 0.034000
967 , 0.043000
968 , 0.034000
969 , 0.045000
970 , 0.034000
971 , 0.091000
972 , 0.042000
973 , 0.034000
974 , 0.043000
975 , 0.034000
976 , 0.036000
977 , 0.041000
978 , 0.034000
979 , 0.032000
980 , 0.034000
981 , 0.032000
982 , 0.042000
983 , 0.032000
984 , 0.034000
985 , 0.032000
986 , 0.031000
987 , 0.035000
988 , 0.032000
989 , 0.034000
990 , 0.031000
991 , 0.043000
992 , 0.032000
993 , 0.038000
994 , 0.031000
995 , 0.035000
996 , 0.032000
997 , 0.032000
998 , 0.033000
999 , 0.031000
1000 , 0.046000
1001 , 0.032000
1002 , 0.045000
1003 , 0.040000
1004 , 0.033000
1005 , 0.032000
1006 , 0.032000
1007 , 0.034000
1008 , 0.041000
1009 , 0.033000
1010 , 0.032000
1011 , 0.048000
1012 , 0.032000
1013 , 0.036000
1014 , 0.032000
1015 , 0.033000
1016 , 0.033000
1017 , 0.033000
1018 , 0.035000
1019 , 0.032000
1020 , 0.033000
1021 , 0.032000
1022 , 0.042000
1023 , 0.032000
1024 , 0.034000
1025 , 0.032000
1026 , 0.032000
1027 , 0.034000
1028 , 0.032000
1029 , 0.040000
1030 , 0.032000
1031 , 0.034000
1032 , 0.032000
1033 , 0.040000
1034 , 0.032000
1035 , 0.032000
1036 , 0.032000
1037 , 0.031000
1038 , 0.031000
1039 , 0.032000
1040 , 0.032000
1041 , 0.032000
1042 , 0.032000
1043 , 0.031000
1044 , 0.030000
1045 , 0.032000
1046 , 0.031000
1047 , 0.033000
1048 , 0.032000
1049 , 0.032000
1050 , 0.040000
1051 , 0.041000
1052 , 0.032000
1053 , 0.032000
1054 , 0.032000
1055 , 0.032000
1056 , 0.031000
1057 , 0.032000
1058 , 0.032000
1059 , 0.032000
1060 , 0.032000
1061 , 0.032000
1062 , 0.031000
1063 , 0.032000
1064 , 0.032000
1065 , 0.031000
1066 , 0.032000
1067 , 0.033000
1068 , 0.031000
1069 , 0.040000
1070 , 0.031000
1071 , 0.033000
1072 , 0.032000
1073 , 0.039000
1074 , 0.033000
1075 , 0.032000
1076 , 0.032000
1077 , 0.032000
1078 , 0.031000
1079 , 0.133000
1080 , 0.042000
1081 , 0.032000
1082 , 0.040000
1083 , 0.040000
1084 , 0.032000
1085 , 0.032000
1086 , 0.040000
1087 , 0.032000
1088 , 0.032000
1089 , 0.031000
1090 , 0.033000
1091 , 0.032000
1092 , 0.032000
1093 , 0.031000
1094 , 0.032000
1095 , 0.035000
1096 , 0.032000
1097 , 0.032000
1098 , 0.032000
1099 , 0.032000
1100 , 0.032000
1101 , 0.031000
1102 , 0.040000
1103 , 0.031000
1104 , 0.032000
1105 , 0.032000
1106 , 0.031000
1107 , 0.032000
1108 , 0.031000
1109 , 0.033000
1110 , 0.040000
1111 , 0.032000
1112 , 0.031000
1113 , 0.032000
1114 , 0.033000
1115 , 0.032000
1116 , 0.031000
1117 , 0.032000
1118 , 0.032000
1119 , 0.032000
1120 , 0.032000
1121 , 0.032000
1122 , 0.032000
1123 , 0.031000
1124 , 0.032000
1125 , 0.032000
1126 , 0.032000
1127 , 0.031000
1128 , 0.032000
1129 , 0.040000
1130 , 0.032000
1131 , 0.032000
1132 , 0.032000
1133 , 0.031000
1134 , 0.040000
1135 , 0.031000
1136 , 0.032000
1137 , 0.032000
1138 , 0.040000
1139 , 0.032000
1140 , 0.032000
1141 , 0.032000
1142 , 0.032000
1143 , 0.032000
1144 , 0.031000
1145 , 0.033000
1146 , 0.031000
1147 , 0.033000
1148 , 0.033000
1149 , 0.032000
1150 , 0.032000
1151 , 0.039000
1152 , 0.033000
1153 , 0.031000
1154 , 0.033000
1155 , 0.032000
1156 , 0.031000
1157 , 0.031000
1158 , 0.032000
1159 , 0.032000
1160 , 0.032000
1161 , 0.032000
1162 , 0.031000
1163 , 0.032000
1164 , 0.040000
1165 , 0.032000
1166 , 0.040000
1167 , 0.041000
1168 , 0.032000
1169 , 0.039000
1170 , 0.034000
1171 , 0.032000
1172 , 0.041000
1173 , 0.031000
1174 , 0.033000
1175 , 0.032000
1176 , 0.032000
1177 , 0.031000
1178 , 0.032000
1179 , 0.033000
1180 , 0.040000
1181 , 0.032000
1182 , 0.031000
1183 , 0.033000
1184 , 0.032000
1185 , 0.041000
1186 , 0.034000
1187 , 0.033000
1188 , 0.033000
1189 , 0.031000
1190 , 0.032000
1191 , 0.031000
1192 , 0.032000
1193 , 0.031000
1194 , 0.035000
1195 , 0.038000
1196 , 0.033000
1197 , 0.031000
1198 , 0.031000
1199 , 0.032000
1200 , 0.031000
1201 , 0.031000
1202 , 0.031000
1203 , 0.031000
1204 , 0.031000
1205 , 0.031000
1206 , 0.031000
1207 , 0.032000
1208 , 0.032000
1209 , 0.032000
1210 , 0.032000
1211 , 0.032000
1212 , 0.031000
1213 , 0.032000
1214 , 0.033000
1215 , 0.032000
1216 , 0.032000
1217 , 0.033000
1218 , 0.031000
1219 , 0.032000
1220 , 0.036000
1221 , 0.032000
1222 , 0.032000
1223 , 0.033000
1224 , 0.031000
1225 , 0.031000
1226 , 0.031000
1227 , 0.032000
1228 , 0.032000
1229 , 0.031000
1230 , 0.031000
1231 , 0.031000
1232 , 0.032000
1233 , 0.032000
1234 , 0.031000
1235 , 0.032000
1236 , 0.031000
1237 , 0.032000
1238 , 0.031000
1239 , 0.032000
1240 , 0.031000
1241 , 0.031000
1242 , 0.032000
1243 , 0.032000
1244 , 0.031000
1245 , 0.031000
1246 , 0.032000
1247 , 0.032000
1248 , 0.032000
1249 , 0.032000
1250 , 0.032000
1251 , 0.031000
1252 , 0.032000
1253 , 0.032000
1254 , 0.031000
1255 , 0.031000
1256 , 0.031000
1257 , 0.033000
1258 , 0.032000
1259 , 0.033000
1260 , 0.032000
1261 , 0.032000
1262 , 0.033000
1263 , 0.032000
1264 , 0.032000
1265 , 0.032000
1266 , 0.032000
1267 , 0.033000
1268 , 0.052000
1269 , 0.036000
1270 , 0.044000
1271 , 0.033000
1272 , 0.033000
1273 , 0.034000
1274 , 0.032000
1275 , 0.035000
1276 , 0.032000
1277 , 0.035000
1278 , 0.034000
1279 , 0.033000
1280 , 0.036000
1281 , 0.032000
1282 , 0.044000
1283 , 0.032000
1284 , 0.033000
1285 , 0.037000
1286 , 0.032000
1287 , 0.035000
1288 , 0.031000
1289 , 0.046000
1290 , 0.033000
1291 , 0.034000
1292 , 0.033000
1293 , 0.035000
1294 , 0.035000
1295 , 0.034000
1296 , 0.034000
1297 , 0.032000
1298 , 0.139000
1299 , 0.030000
1300 , 0.029000
1301 , 0.029000
1302 , 0.030000
1303 , 0.029000
1304 , 0.031000
1305 , 0.029000
1306 , 0.029000
1307 , 0.030000
1308 , 0.030000
1309 , 0.030000
1310 , 0.029000
1311 , 0.029000
1312 , 0.030000
1313 , 0.029000
1314 , 0.029000
1315 , 0.040000
1316 , 0.030000
1317 , 0.031000
1318 , 0.030000
1319 , 0.030000
1320 , 0.031000
1321 , 0.031000
1322 , 0.030000
1323 , 0.032000
1324 , 0.030000
1325 , 0.030000
1326 , 0.030000
1327 , 0.031000
1328 , 0.031000
1329 , 0.032000
1330 , 0.031000
1331 , 0.030000
1332 , 0.031000
1333 , 0.031000
1334 , 0.031000
1335 , 0.031000
1336 , 0.031000
1337 , 0.031000
1338 , 0.030000
1339 , 0.031000
1340 , 0.031000
1341 , 0.031000
1342 , 0.030000
1343 , 0.032000
1344 , 0.031000
1345 , 0.031000
1346 , 0.028000
1347 , 0.028000
1348 , 0.028000
1349 , 0.028000
1350 , 0.027000
1351 , 0.059000
1352 , 0.035000
1353 , 0.031000
1354 , 0.031000
1355 , 0.029000
1356 , 0.037000
1357 , 0.029000
1358 , 0.028000
1359 , 0.028000
1360 , 0.029000
1361 , 0.028000
1362 , 0.029000
1363 , 0.036000
1364 , 0.028000
1365 , 0.029000
1366 , 0.028000
1367 , 0.028000
1368 , 0.029000
1369 , 0.028000
1370 , 0.028000
1371 , 0.028000
1372 , 0.036000
1373 , 0.028000
1374 , 0.036000
1375 , 0.030000
1376 , 0.028000
1377 , 0.028000
1378 , 0.036000
1379 , 0.028000
1380 , 0.028000
1381 , 0.028000
1382 , 0.028000
1383 , 0.028000
1384 , 0.027000
1385 , 0.028000
1386 , 0.035000
1387 , 0.030000
1388 , 0.029000
1389 , 0.028000
1390 , 0.029000
1391 , 0.028000
1392 , 0.029000
1393 , 0.029000
1394 , 0.028000
1395 , 0.028000
1396 , 0.028000
1397 , 0.028000
1398 , 0.028000
1399 , 0.027000
1400 , 0.028000
1401 , 0.033000
1402 , 0.036000
1403 , 0.039000
1404 , 0.030000
1405 , 0.029000
1406 , 0.044000
1407 , 0.029000
1408 , 0.027000
1409 , 0.030000
1410 , 0.027000
1411 , 0.027000
1412 , 0.048000
1413 , 0.029000
1414 , 0.027000
1415 , 0.031000
1416 , 0.027000
1417 , 0.027000
1418 , 0.028000
1419 , 0.028000
1420 , 0.029000
1421 , 0.027000
1422 , 0.027000
1423 , 0.027000
1424 , 0.035000
1425 , 0.027000
1426 , 0.027000
1427 , 0.027000
1428 , 0.027000
1429 , 0.027000
1430 , 0.034000
1431 , 0.028000
1432 , 0.027000
1433 , 0.028000
1434 , 0.027000
1435 , 0.033000
1436 , 0.028000
1437 , 0.037000
1438 , 0.029000
1439 , 0.028000
1440 , 0.027000
1441 , 0.028000
1442 , 0.029000
1443 , 0.037000
1444 , 0.027000
1445 , 0.033000
1446 , 0.026000
1447 , 0.034000
1448 , 0.028000
1449 , 0.027000
1450 , 0.028000
1451 , 0.028000
1452 , 0.036000
1453 , 0.027000
1454 , 0.029000
1455 , 0.026000
1456 , 0.030000
1457 , 0.027000
1458 , 0.036000
1459 , 0.027000
1460 , 0.031000
1461 , 0.035000
1462 , 0.028000
1463 , 0.027000
1464 , 0.036000
1465 , 0.028000
1466 , 0.029000
1467 , 0.027000
1468 , 0.029000
1469 , 0.027000
1470 , 0.036000
1471 , 0.028000
1472 , 0.030000
1473 , 0.028000
1474 , 0.029000
1475 , 0.026000
1476 , 0.037000
1477 , 0.027000
1478 , 0.030000
1479 , 0.027000
1480 , 0.028000
1481 , 0.027000
1482 , 0.029000
1483 , 0.028000
1484 , 0.028000
1485 , 0.034000
1486 , 0.029000
1487 , 0.027000
1488 , 0.029000
1489 , 0.027000
1490 , 0.028000
1491 , 0.027000
1492 , 0.031000
1493 , 0.027000
1494 , 0.028000
1495 , 0.028000
1496 , 0.029000
1497 , 0.026000
1498 , 0.037000
1499 , 0.027000
1500 , 0.029000
1501 , 0.028000
1502 , 0.028000
1503 , 0.026000
1504 , 0.029000
1505 , 0.027000
1506 , 0.029000
1507 , 0.027000
1508 , 0.030000
1509 , 0.027000
1510 , 0.030000
1511 , 0.027000
1512 , 0.028000
1513 , 0.027000
1514 , 0.039000
1515 , 0.028000
1516 , 0.028000
1517 , 0.029000
1518 , 0.031000
1519 , 0.027000
1520 , 0.026000
1521 , 0.027000
1522 , 0.027000
1523 , 0.027000
1524 , 0.028000
1525 , 0.026000
1526 , 0.027000
1527 , 0.028000
1528 , 0.030000
1529 , 0.027000
1530 , 0.032000
1531 , 0.027000
1532 , 0.028000
1533 , 0.027000
1534 , 0.027000
1535 , 0.044000
1536 , 0.032000
1537 , 0.029000
1538 , 0.032000
1539 , 0.042000
1540 , 0.031000
1541 , 0.030000
1542 , 0.029000
1543 , 0.029000
1544 , 0.029000
1545 , 0.029000
1546 , 0.029000
1547 , 0.029000
1548 , 0.028000
1549 , 0.030000
1550 , 0.028000
1551 , 0.028000
1552 , 0.029000
1553 , 0.029000
1554 , 0.029000
1555 , 0.029000
1556 , 0.029000
1557 , 0.029000
1558 , 0.028000
1559 , 0.035000
1560 , 0.032000
1561 , 0.027000
1562 , 0.028000
1563 , 0.027000
1564 , 0.028000
1565 , 0.027000
1566 , 0.027000
1567 , 0.028000
1568 , 0.026000
1569 , 0.028000
1570 , 0.028000
1571 , 0.026000
1572 , 0.027000
1573 , 0.028000
1574 , 0.028000
1575 , 0.030000
1576 , 0.028000
1577 , 0.030000
1578 , 0.027000
1579 , 0.028000
1580 , 0.027000
1581 , 0.029000
1582 , 0.026000
1583 , 0.030000
1584 , 0.028000
1585 , 0.030000
1586 , 0.027000
1587 , 0.028000
1588 , 0.027000
1589 , 0.027000
1590 , 0.028000
1591 , 0.029000
1592 , 0.028000
1593 , 0.029000
1594 , 0.028000
1595 , 0.027000
1596 , 0.027000
1597 , 0.027000
1598 , 0.028000
1599 , 0.027000
1600 , 0.027000
1601 , 0.028000
1602 , 0.029000
1603 , 0.027000
1604 , 0.031000
1605 , 0.027000
1606 , 0.029000
1607 , 0.041000
1608 , 0.043000
1609 , 0.028000
1610 , 0.028000
1611 , 0.027000
1612 , 0.035000
1613 , 0.027000
1614 , 0.028000
1615 , 0.027000
1616 , 0.028000
1617 , 0.027000
1618 , 0.028000
1619 , 0.027000
1620 , 0.035000
1621 , 0.028000
1622 , 0.036000
1623 , 0.028000
1624 , 0.038000
1625 , 0.031000
1626 , 0.030000
1627 , 0.030000
1628 , 0.034000
1629 , 0.031000
1630 , 0.040000
1631 , 0.031000
1632 , 0.031000
1633 , 0.031000
1634 , 0.029000
1635 , 0.031000
1636 , 0.031000
1637 , 0.033000
1638 , 0.030000
1639 , 0.032000
1640 , 0.041000
1641 , 0.031000
1642 , 0.030000
1643 , 0.030000
1644 , 0.030000
1645 , 0.030000
1646 , 0.030000
1647 , 0.031000
1648 , 0.031000
1649 , 0.032000
1650 , 0.032000
1651 , 0.030000
1652 , 0.030000
1653 , 0.029000
1654 , 0.027000
1655 , 0.026000
1656 , 0.053000
1657 , 0.030000
1658 , 0.028000
1659 , 0.029000
1660 , 0.027000
1661 , 0.029000
1662 , 0.034000
1663 , 0.031000
1664 , 0.029000
1665 , 0.030000
1666 , 0.027000
1667 , 0.029000
1668 , 0.028000
1669 , 0.029000
1670 , 0.028000
1671 , 0.028000
1672 , 0.034000
1673 , 0.027000
1674 , 0.027000
1675 , 0.027000
1676 , 0.026000
1677 , 0.029000
1678 , 0.035000
1679 , 0.030000
1680 , 0.028000
1681 , 0.030000
1682 , 0.027000
1683 , 0.029000
1684 , 0.027000
1685 , 0.029000
1686 , 0.034000
1687 , 0.029000
1688 , 0.027000
1689 , 0.028000
1690 , 0.027000
1691 , 0.036000
1692 , 0.036000
1693 , 0.028000
1694 , 0.028000
1695 , 0.030000
1696 , 0.027000
1697 , 0.030000
1698 , 0.034000
1699 , 0.036000
1700 , 0.027000
1701 , 0.029000
1702 , 0.028000
1703 , 0.036000
1704 , 0.028000
1705 , 0.028000
1706 , 0.028000
1707 , 0.028000
1708 , 0.027000
1709 , 0.028000
1710 , 0.034000
1711 , 0.029000
1712 , 0.027000
1713 , 0.028000
1714 , 0.027000
1715 , 0.030000
1716 , 0.028000
1717 , 0.029000
1718 , 0.028000
1719 , 0.029000
1720 , 0.034000
1721 , 0.029000
1722 , 0.027000
1723 , 0.036000
1724 , 0.027000
1725 , 0.036000
1726 , 0.027000
1727 , 0.030000
1728 , 0.027000
1729 , 0.030000
1730 , 0.035000
1731 , 0.035000
1732 , 0.027000
1733 , 0.029000
1734 , 0.027000
1735 , 0.030000
1736 , 0.028000
1737 , 0.029000
1738 , 0.027000
1739 , 0.029000
1740 , 0.027000
1741 , 0.029000
1742 , 0.029000
1743 , 0.035000
1744 , 0.027000
1745 , 0.028000
1746 , 0.027000
1747 , 0.029000
1748 , 0.027000
1749 , 0.030000
1750 , 0.034000
1751 , 0.030000
1752 , 0.027000
1753 , 0.027000
1754 , 0.028000
1755 , 0.028000
1756 , 0.027000
1757 , 0.029000
1758 , 0.027000
1759 , 0.031000
1760 , 0.028000
1761 , 0.027000
1762 , 0.027000
1763 , 0.028000
1764 , 0.027000
1765 , 0.029000
1766 , 0.027000
1767 , 0.029000
1768 , 0.027000
1769 , 0.030000
1770 , 0.028000
1771 , 0.029000
1772 , 0.080000
1773 , 0.038000
1774 , 0.036000
1775 , 0.028000
1776 , 0.028000
1777 , 0.029000
1778 , 0.027000
1779 , 0.026000
1780 , 0.027000
1781 , 0.033000
1782 , 0.027000
1783 , 0.027000
1784 , 0.027000
1785 , 0.027000
1786 , 0.028000
1787 , 0.035000
1788 , 0.027000
1789 , 0.034000
1790 , 0.027000
1791 , 0.026000
1792 , 0.035000
1793 , 0.034000
1794 , 0.028000
1795 , 0.027000
1796 , 0.028000
1797 , 0.026000
1798 , 0.029000
1799 , 0.027000
1800 , 0.028000
1801 , 0.028000
1802 , 0.028000
1803 , 0.026000
1804 , 0.029000
1805 , 0.027000
1806 , 0.036000
1807 , 0.035000
1808 , 0.030000
1809 , 0.028000
1810 , 0.027000
1811 , 0.034000
1812 , 0.028000
1813 , 0.027000
1814 , 0.028000
1815 , 0.028000
1816 , 0.028000
1817 , 0.027000
1818 , 0.029000
1819 , 0.027000
1820 , 0.035000
1821 , 0.027000
1822 , 0.029000
1823 , 0.028000
1824 , 0.029000
1825 , 0.026000
1826 , 0.029000
1827 , 0.027000
1828 , 0.028000
1829 , 0.026000
1830 , 0.030000
1831 , 0.027000
1832 , 0.029000
1833 , 0.027000
1834 , 0.037000
1835 , 0.027000
1836 , 0.029000
1837 , 0.027000
1838 , 0.029000
1839 , 0.027000
1840 , 0.030000
1841 , 0.027000
1842 , 0.029000
1843 , 0.027000
1844 , 0.036000
1845 , 0.036000
1846 , 0.027000
1847 , 0.034000
1848 , 0.027000
1849 , 0.028000
1850 , 0.028000
1851 , 0.028000
1852 , 0.027000
1853 , 0.034000
1854 , 0.027000
1855 , 0.034000
1856 , 0.028000
1857 , 0.049000
1858 , 0.028000
1859 , 0.028000
1860 , 0.034000
1861 , 0.035000
1862 , 0.028000
1863 , 0.031000
1864 , 0.031000
1865 , 0.034000
1866 , 0.028000
1867 , 0.028000
1868 , 0.028000
1869 , 0.028000
1870 , 0.027000
1871 , 0.028000
1872 , 0.028000
1873 , 0.028000
1874 , 0.028000
1875 , 0.027000
1876 , 0.027000
1877 , 0.028000
1878 , 0.030000
1879 , 0.027000
1880 , 0.028000
1881 , 0.028000
1882 , 0.028000
1883 , 0.028000
1884 , 0.028000
1885 , 0.028000
1886 , 0.028000
1887 , 0.029000
1888 , 0.029000
1889 , 0.028000
1890 , 0.028000
1891 , 0.027000
1892 , 0.028000
1893 , 0.029000
1894 , 0.027000
1895 , 0.028000
1896 , 0.026000
1897 , 0.028000
1898 , 0.053000
1899 , 0.028000
1900 , 0.027000
1901 , 0.028000
1902 , 0.028000
1903 , 0.027000
1904 , 0.027000
1905 , 0.027000
1906 , 0.026000
1907 , 0.030000
1908 , 0.027000
1909 , 0.029000
1910 , 0.027000
1911 , 0.031000
1912 , 0.027000
1913 , 0.029000
1914 , 0.027000
1915 , 0.027000
1916 , 0.027000
1917 , 0.026000
1918 , 0.027000
1919 , 0.027000
1920 , 0.027000
1921 , 0.028000
1922 , 0.026000
1923 , 0.027000
1924 , 0.027000
1925 , 0.027000
1926 , 0.030000
1927 , 0.027000
1928 , 0.028000
1929 , 0.027000
1930 , 0.032000
1931 , 0.028000
1932 , 0.030000
1933 , 0.026000
1934 , 0.027000
1935 , 0.026000
1936 , 0.027000
1937 , 0.027000
1938 , 0.029000
1939 , 0.027000
1940 , 0.027000
1941 , 0.026000
1942 , 0.034000
1943 , 0.027000
1944 , 0.027000
1945 , 0.031000
1946 , 0.027000
1947 , 0.031000
1948 , 0.027000
1949 , 0.029000
1950 , 0.027000
1951 , 0.029000
1952 , 0.028000
1953 , 0.029000
1954 , 0.027000
1955 , 0.026000
1956 , 0.028000
1957 , 0.027000
1958 , 0.027000
1959 , 0.028000
1960 , 0.027000
1961 , 0.031000
1962 , 0.028000
1963 , 0.028000
1964 , 0.027000
1965 , 0.028000
1966 , 0.027000
1967 , 0.027000
1968 , 0.027000
1969 , 0.027000
1970 , 0.029000
1971 , 0.027000
1972 , 0.029000
1973 , 0.027000
1974 , 0.030000
1975 , 0.027000
1976 , 0.027000
1977 , 0.027000
1978 , 0.029000
1979 , 0.027000
1980 , 0.027000
1981 , 0.027000
1982 , 0.027000
1983 , 0.028000
1984 , 0.028000
1985 , 0.027000
1986 , 0.033000
1987 , 0.028000
1988 , 0.027000
1989 , 0.027000
1990 , 0.026000
1991 , 0.027000
1992 , 0.028000
1993 , 0.028000
1994 , 0.027000
1995 , 0.028000
1996 , 0.027000
1997 , 0.029000
1998 , 0.026000
1999 , 0.030000
2000 , 0.026000
2001 , 0.029000
2002 , 0.027000
2003 , 0.027000
2004 , 0.027000
2005 , 0.028000
2006 , 0.032000
2007 , 0.027000
2008 , 0.027000
2009 , 0.028000
2010 , 0.027000
2011 , 0.028000
2012 , 0.026000
2013 , 0.026000
2014 , 0.027000
2015 , 0.027000
2016 , 0.028000
2017 , 0.027000
2018 , 0.029000
2019 , 0.027000
2020 , 0.029000
2021 , 0.027000
2022 , 0.027000
2023 , 0.027000
2024 , 0.028000
2025 , 0.027000
2026 , 0.027000
2027 , 0.027000
2028 , 0.027000
2029 , 0.053000
2030 , 0.029000
2031 , 0.032000
2032 , 0.028000
2033 , 0.027000
2034 , 0.025000
2035 , 0.030000
2036 , 0.026000
2037 , 0.029000
2038 , 0.027000
2039 , 0.029000
2040 , 0.027000
2041 , 0.027000
2042 , 0.026000
2043 , 0.032000
2044 , 0.027000
2045 , 0.026000
2046 , 0.027000
2047 , 0.026000
2048 , 0.030000
2049 , 0.026000
2050 , 0.027000
2051 , 0.026000
2052 , 0.029000
2053 , 0.026000
2054 , 0.029000
2055 , 0.026000
2056 , 0.027000
2057 , 0.027000
2058 , 0.027000
2059 , 0.022000
2060 , 0.037000
2061 , 0.036000
2062 , 0.035000
2063 , 0.027000
2064 , 0.035000
2065 , 0.028000
2066 , 0.039000
2067 , 0.028000
2068 , 0.035000
2069 , 0.027000
2070 , 0.029000
2071 , 0.028000
2072 , 0.037000
2073 , 0.027000
2074 , 0.034000
2075 , 0.028000
2076 , 0.027000
2077 , 0.027000
2078 , 0.026000
2079 , 0.029000
2080 , 0.035000
2081 , 0.028000
2082 , 0.027000
2083 , 0.027000
2084 , 0.027000
2085 , 0.028000
2086 , 0.027000
2087 , 0.028000
2088 , 0.027000
2089 , 0.031000
2090 , 0.035000
2091 , 0.035000
2092 , 0.035000
2093 , 0.027000
2094 , 0.035000
2095 , 0.027000
2096 , 0.027000
2097 , 0.027000
2098 , 0.028000
2099 , 0.028000
2100 , 0.027000
2101 , 0.029000
2102 , 0.027000
2103 , 0.029000
2104 , 0.027000
2105 , 0.029000
2106 , 0.028000
2107 , 0.029000
2108 , 0.027000
2109 , 0.028000
2110 , 0.028000
2111 , 0.028000
2112 , 0.027000
2113 , 0.028000
2114 , 0.035000
2115 , 0.037000
2116 , 0.027000
2117 , 0.027000
2118 , 0.035000
2119 , 0.030000
2120 , 0.028000
2121 , 0.028000
2122 , 0.028000
2123 , 0.027000
2124 , 0.027000
2125 , 0.027000
2126 , 0.027000
2127 , 0.027000
2128 , 0.027000
2129 , 0.027000
2130 , 0.026000
2131 , 0.036000
2132 , 0.034000
2133 , 0.028000
2134 , 0.027000
2135 , 0.051000
2136 , 0.030000
2137 , 0.030000
2138 , 0.028000
2139 , 0.028000
2140 , 0.028000
2141 , 0.028000
2142 , 0.027000
2143 , 0.028000
2144 , 0.027000
2145 , 0.028000
2146 , 0.027000
2147 , 0.035000
2148 , 0.028000
2149 , 0.027000
2150 , 0.028000
2151 , 0.027000
2152 , 0.029000
2153 , 0.027000
2154 , 0.030000
2155 , 0.028000
2156 , 0.028000
2157 , 0.028000
2158 , 0.030000
2159 , 0.026000
2160 , 0.030000
2161 , 0.026000
2162 , 0.028000
2163 , 0.027000
2164 , 0.027000
2165 , 0.027000
2166 , 0.028000
2167 , 0.027000
2168 , 0.027000
2169 , 0.027000
2170 , 0.029000
2171 , 0.027000
2172 , 0.028000
2173 , 0.027000
2174 , 0.027000
2175 , 0.028000
2176 , 0.027000
2177 , 0.029000
2178 , 0.027000
2179 , 0.031000
2180 , 0.027000
2181 , 0.029000
2182 , 0.028000
2183 , 0.029000
2184 , 0.027000
2185 , 0.027000
2186 , 0.028000
2187 , 0.027000
2188 , 0.027000
2189 , 0.027000
2190 , 0.026000
2191 , 0.029000
2192 , 0.027000
2193 , 0.028000
2194 , 0.028000
2195 , 0.028000
2196 , 0.030000
2197 , 0.028000
2198 , 0.031000
2199 , 0.029000
2200 , 0.028000
2201 , 0.028000
2202 , 0.029000
2203 , 0.027000
2204 , 0.028000
2205 , 0.027000
2206 , 0.030000
2207 , 0.028000
2208 , 0.027000
2209 , 0.027000
2210 , 0.027000
2211 , 0.028000
2212 , 0.027000
2213 , 0.027000
2214 , 0.027000
2215 , 0.027000
2216 , 0.028000
2217 , 0.027000
2218 , 0.027000
2219 , 0.028000
2220 , 0.027000
2221 , 0.030000
2222 , 0.027000
2223 , 0.027000
2224 , 0.028000
2225 , 0.030000
2226 , 0.027000
2227 , 0.030000
2228 , 0.027000
2229 , 0.030000
2230 , 0.027000
2231 , 0.027000
2232 , 0.026000
2233 , 0.027000
2234 , 0.029000
2235 , 0.027000
2236 , 0.029000
2237 , 0.028000
2238 , 0.028000
2239 , 0.027000
2240 , 0.028000
2241 , 0.035000
2242 , 0.028000
2243 , 0.028000
2244 , 0.029000
2245 , 0.027000
2246 , 0.031000
2247 , 0.029000
2248 , 0.029000
2249 , 0.028000
2250 , 0.029000
2251 , 0.028000
2252 , 0.028000
2253 , 0.027000
2254 , 0.030000
2255 , 0.027000
2256 , 0.034000
2257 , 0.027000
2258 , 0.029000
2259 , 0.027000
2260 , 0.028000
2261 , 0.029000
2262 , 0.030000
2263 , 0.028000
2264 , 0.027000
2265 , 0.029000
2266 , 0.027000
2267 , 0.116000
2268 , 0.028000
2269 , 0.027000
2270 , 0.028000
2271 , 0.027000
2272 , 0.027000
2273 , 0.027000
2274 , 0.028000
2275 , 0.027000
2276 , 0.030000
2277 , 0.027000
2278 , 0.027000
2279 , 0.026000
2280 , 0.028000
2281 , 0.027000
2282 , 0.028000
2283 , 0.028000
2284 , 0.027000
2285 , 0.027000
2286 , 0.027000
2287 , 0.028000
2288 , 0.028000
2289 , 0.028000
2290 , 0.028000
2291 , 0.027000
2292 , 0.027000
2293 , 0.028000
2294 , 0.028000
2295 , 0.030000
2296 , 0.028000
2297 , 0.029000
2298 , 0.028000
2299 , 0.028000
2300 , 0.028000
2301 , 0.033000
2302 , 0.028000
2303 , 0.030000
2304 , 0.027000
2305 , 0.030000
2306 , 0.027000
2307 , 0.028000
2308 , 0.028000
2309 , 0.028000
2310 , 0.028000
2311 , 0.027000
2312 , 0.028000
2313 , 0.027000
2314 , 0.027000
2315 , 0.027000
2316 , 0.027000
2317 , 0.034000
2318 , 0.027000
2319 , 0.027000
2320 , 0.031000
2321 , 0.027000
2322 , 0.030000
2323 , 0.027000
2324 , 0.029000
2325 , 0.028000
2326 , 0.027000
2327 , 0.028000
2328 , 0.029000
2329 , 0.028000
2330 , 0.030000
2331 , 0.028000
2332 , 0.030000
2333 , 0.027000
2334 , 0.029000
2335 , 0.028000
2336 , 0.027000
2337 , 0.027000
2338 , 0.027000
2339 , 0.028000
2340 , 0.027000
2341 , 0.027000
2342 , 0.027000
2343 , 0.028000
2344 , 0.028000
2345 , 0.027000
2346 , 0.027000
2347 , 0.027000
2348 , 0.028000
2349 , 0.030000
2350 , 0.028000
2351 , 0.030000
2352 , 0.028000
2353 , 0.030000
2354 , 0.028000
2355 , 0.030000
2356 , 0.027000
2357 , 0.031000
2358 , 0.028000
2359 , 0.030000
2360 , 0.027000
2361 , 0.028000
2362 , 0.027000
2363 , 0.029000
2364 , 0.027000
2365 , 0.028000
2366 , 0.028000
2367 , 0.027000
2368 , 0.028000
2369 , 0.029000
2370 , 0.028000
2371 , 0.027000
2372 , 0.036000
2373 , 0.029000
2374 , 0.027000
2375 , 0.034000
2376 , 0.029000
2377 , 0.028000
2378 , 0.027000
2379 , 0.028000
2380 , 0.027000
2381 , 0.028000
2382 , 0.028000
2383 , 0.027000
2384 , 0.027000
2385 , 0.028000
2386 , 0.029000
2387 , 0.028000
2388 , 0.028000
2389 , 0.027000
2390 , 0.027000
2391 , 0.028000
2392 , 0.038000
2393 , 0.029000
2394 , 0.028000
2395 , 0.028000
2396 , 0.028000
2397 , 0.027000
2398 , 0.028000
2399 , 0.027000
2400 , 0.029000
2401 , 0.028000
2402 , 0.027000
2403 , 0.028000
2404 , 0.028000
2405 , 0.028000
2406 , 0.037000
2407 , 0.027000
2408 , 0.027000
2409 , 0.029000
2410 , 0.027000
2411 , 0.029000
2412 , 0.027000
2413 , 0.028000
2414 , 0.028000
2415 , 0.030000
2416 , 0.027000
2417 , 0.030000
2418 , 0.028000
2419 , 0.029000
2420 , 0.027000
2421 , 0.027000
2422 , 0.028000
2423 , 0.027000
2424 , 0.027000
2425 , 0.028000
2426 , 0.027000
2427 , 0.028000
2428 , 0.027000
2429 , 0.035000
2430 , 0.028000
2431 , 0.028000
2432 , 0.027000
2433 , 0.027000
2434 , 0.030000
2435 , 0.027000
2436 , 0.029000
2437 , 0.027000
2438 , 0.029000
2439 , 0.027000
2440 , 0.034000
2441 , 0.031000
2442 , 0.027000
2443 , 0.027000
2444 , 0.027000
2445 , 0.027000
2446 , 0.027000
2447 , 0.027000
2448 , 0.027000
2449 , 0.028000
2450 , 0.027000
2451 , 0.027000
2452 , 0.026000
2453 , 0.027000
2454 , 0.028000
2455 , 0.028000
2456 , 0.027000
2457 , 0.029000
2458 , 0.027000
2459 , 0.030000
2460 , 0.027000
2461 , 0.027000
2462 , 0.026000
2463 , 0.032000
2464 , 0.027000
2465 , 0.029000
2466 , 0.027000
2467 , 0.028000
2468 , 0.026000
2469 , 0.027000
2470 , 0.027000
2471 , 0.027000
2472 , 0.027000
2473 , 0.027000
2474 , 0.028000
2475 , 0.034000
2476 , 0.029000
2477 , 0.027000
2478 , 0.027000
2479 , 0.027000
2480 , 0.029000
2481 , 0.028000
2482 , 0.030000
2483 , 0.027000
2484 , 0.030000
2485 , 0.028000
2486 , 0.028000
2487 , 0.027000
2488 , 0.027000
2489 , 0.027000
2490 , 0.041000
2491 , 0.027000
2492 , 0.028000
2493 , 0.027000
2494 , 0.032000
2495 , 0.027000
2496 , 0.030000
2497 , 0.027000
2498 , 0.027000
2499 , 0.028000
2500 , 0.026000
2501 , 0.028000
2502 , 0.027000
2503 , 0.028000
2504 , 0.027000
2505 , 0.026000
2506 , 0.028000
2507 , 0.027000
2508 , 0.028000
2509 , 0.029000
2510 , 0.026000
2511 , 0.036000
2512 , 0.030000
2513 , 0.027000
2514 , 0.030000
2515 , 0.027000
2516 , 0.030000
2517 , 0.028000
2518 , 0.030000
2519 , 0.028000
2520 , 0.027000
2521 , 0.027000
2522 , 0.027000
2523 , 0.034000
2524 , 0.027000
2525 , 0.021000
2526 , 0.025000
2527 , 0.025000
2528 , 0.027000
2529 , 0.026000
2530 , 0.025000
2531 , 0.027000
2532 , 0.035000
2533 , 0.027000
2534 , 0.027000
2535 , 0.034000
2536 , 0.028000
2537 , 0.027000
2538 , 0.027000
2539 , 0.027000
2540 , 0.026000
2541 , 0.035000
2542 , 0.027000
2543 , 0.037000
2544 , 0.028000
2545 , 0.026000
2546 , 0.027000
2547 , 0.027000
2548 , 0.035000
2549 , 0.028000
2550 , 0.029000
2551 , 0.027000
2552 , 0.028000
2553 , 0.027000
2554 , 0.024000
2555 , 0.034000
2556 , 0.027000
2557 , 0.027000
2558 , 0.027000
2559 , 0.028000
2560 , 0.027000
2561 , 0.027000
2562 , 0.030000
2563 , 0.028000
2564 , 0.030000
2565 , 0.027000
2566 , 0.029000
2567 , 0.028000
2568 , 0.031000
2569 , 0.028000
2570 , 0.029000
2571 , 0.028000
2572 , 0.031000
2573 , 0.027000
2574 , 0.030000
2575 , 0.027000
2576 , 0.030000
2577 , 0.028000
2578 , 0.027000
2579 , 0.029000
2580 , 0.028000
2581 , 0.028000
2582 , 0.030000
2583 , 0.028000
2584 , 0.027000
2585 , 0.027000
2586 , 0.028000
2587 , 0.028000
2588 , 0.027000
2589 , 0.028000
2590 , 0.027000
2591 , 0.028000
2592 , 0.028000
2593 , 0.027000
2594 , 0.027000
2595 , 0.030000
2596 , 0.027000
2597 , 0.030000
2598 , 0.028000
2599 , 0.030000
2600 , 0.028000
2601 , 0.030000
2602 , 0.029000
2603 , 0.030000
2604 , 0.029000
2605 , 0.030000
2606 , 0.028000
2607 , 0.030000
2608 , 0.028000
2609 , 0.029000
2610 , 0.028000
2611 , 0.030000
2612 , 0.028000
2613 , 0.031000
2614 , 0.028000
2615 , 0.030000
2616 , 0.029000
2617 , 0.030000
2618 , 0.028000
2619 , 0.031000
2620 , 0.028000
2621 , 0.030000
2622 , 0.028000
2623 , 0.040000
2624 , 0.039000
2625 , 0.035000
2626 , 0.032000
2627 , 0.031000
2628 , 0.040000
2629 , 0.033000
2630 , 0.041000
2631 , 0.044000
2632 , 0.035000
2633 , 0.035000
2634 , 0.037000
2635 , 0.030000
2636 , 0.029000
2637 , 0.031000
2638 , 0.029000
2639 , 0.028000
2640 , 0.028000
2641 , 0.028000
2642 , 0.035000
2643 , 0.027000
2644 , 0.027000
2645 , 0.028000
2646 , 0.027000
2647 , 0.036000
2648 , 0.028000
2649 , 0.027000
2650 , 0.027000
2651 , 0.027000
2652 , 0.027000
2653 , 0.027000
2654 , 0.027000
2655 , 0.028000
2656 , 0.027000
2657 , 0.036000
2658 , 0.028000
2659 , 0.035000
2660 , 0.028000
2661 , 0.029000
2662 , 0.028000
2663 , 0.029000
2664 , 0.034000
2665 , 0.030000
2666 , 0.027000
2667 , 0.027000
2668 , 0.028000
2669 , 0.029000
2670 , 0.027000
2671 , 0.029000
2672 , 0.034000
2673 , 0.030000
2674 , 0.027000
2675 , 0.030000
2676 , 0.028000
2677 , 0.034000
2678 , 0.028000
2679 , 0.037000
2680 , 0.027000
2681 , 0.036000
2682 , 0.027000
2683 , 0.029000
2684 , 0.028000
2685 , 0.028000
2686 , 0.027000
2687 , 0.030000
2688 , 0.027000
2689 , 0.036000
2690 , 0.028000
2691 , 0.029000
2692 , 0.034000
2693 , 0.029000
2694 , 0.027000
2695 , 0.028000
2696 , 0.027000
2697 , 0.029000
2698 , 0.027000
2699 , 0.036000
2700 , 0.028000
2701 , 0.029000
2702 , 0.027000
2703 , 0.031000
2704 , 0.027000
2705 , 0.027000
2706 , 0.027000
2707 , 0.028000
2708 , 0.027000
2709 , 0.029000
2710 , 0.028000
2711 , 0.029000
2712 , 0.027000
2713 , 0.028000
2714 , 0.027000
2715 , 0.030000
2716 , 0.028000
2717 , 0.028000
2718 , 0.028000
2719 , 0.030000
2720 , 0.027000
2721 , 0.029000
2722 , 0.035000
2723 , 0.028000
2724 , 0.027000
2725 , 0.036000
2726 , 0.027000
2727 , 0.029000
2728 , 0.027000
2729 , 0.037000
2730 , 0.028000
2731 , 0.029000
2732 , 0.028000
2733 , 0.027000
2734 , 0.035000
2735 , 0.028000
2736 , 0.034000
2737 , 0.029000
2738 , 0.036000
2739 , 0.028000
2740 , 0.028000
2741 , 0.027000
2742 , 0.038000
2743 , 0.027000
2744 , 0.033000
2745 , 0.028000
2746 , 0.034000
2747 , 0.028000
2748 , 0.028000
2749 , 0.028000
2750 , 0.035000
2751 , 0.035000
2752 , 0.035000
2753 , 0.028000
2754 , 0.110000
2755 , 0.035000
2756 , 0.027000
2757 , 0.027000
2758 , 0.028000
2759 , 0.034000
2760 , 0.027000
2761 , 0.027000
2762 , 0.036000
2763 , 0.027000
2764 , 0.038000
2765 , 0.027000
2766 , 0.037000
2767 , 0.028000
2768 , 0.027000
2769 , 0.027000
2770 , 0.027000
2771 , 0.028000
2772 , 0.035000
2773 , 0.028000
2774 , 0.028000
2775 , 0.029000
2776 , 0.035000
2777 , 0.030000
2778 , 0.028000
2779 , 0.029000
2780 , 0.026000
2781 , 0.029000
2782 , 0.027000
2783 , 0.029000
2784 , 0.027000
2785 , 0.029000
2786 , 0.027000
2787 , 0.029000
2788 , 0.027000
2789 , 0.029000
2790 , 0.028000
2791 , 0.029000
2792 , 0.027000
2793 , 0.029000
2794 , 0.027000
2795 , 0.030000
2796 , 0.027000
2797 , 0.029000
2798 , 0.027000
2799 , 0.028000
2800 , 0.027000
2801 , 0.031000
2802 , 0.027000
2803 , 0.029000
2804 , 0.028000
2805 , 0.036000
2806 , 0.028000
2807 , 0.029000
2808 , 0.027000
2809 , 0.030000
2810 , 0.026000
2811 , 0.029000
2812 , 0.027000
2813 , 0.028000
2814 , 0.026000
2815 , 0.029000
2816 , 0.027000
2817 , 0.031000
2818 , 0.028000
2819 , 0.028000
2820 , 0.028000
2821 , 0.029000
2822 , 0.027000
2823 , 0.028000
2824 , 0.027000
