1 , 0.153000
2 , 0.046000
3 , 0.038000
4 , 0.030000
5 , 0.112000
6 , 0.072000
7 , 0.070000
8 , 0.069000
9 , 0.069000
10 , 0.073000
11 , 0.070000
12 , 0.070000
13 , 0.070000
14 , 0.071000
15 , 0.072000
16 , 0.081000
17 , 0.074000
18 , 0.069000
19 , 0.132000
20 , 0.119000
21 , 0.131000
22 , 0.137000
23 , 0.142000
24 , 0.153000
25 , 0.146000
26 , 0.159000
27 , 0.156000
28 , 0.145000
29 , 0.134000
30 , 0.144000
31 , 0.067000
32 , 0.068000
33 , 0.067000
34 , 0.068000
35 , 0.068000
36 , 0.068000
37 , 0.106000
38 , 0.086000
39 , 0.072000
40 , 0.072000
41 , 0.072000
42 , 0.090000
43 , 0.071000
44 , 0.073000
45 , 0.071000
46 , 0.100000
47 , 0.077000
48 , 0.079000
49 , 0.105000
50 , 0.076000
51 , 0.078000
52 , 0.074000
53 , 0.077000
54 , 0.077000
55 , 0.074000
56 , 0.075000
57 , 0.076000
58 , 0.072000
59 , 0.073000
60 , 0.078000
61 , 0.076000
62 , 0.073000
63 , 0.073000
64 , 0.075000
65 , 0.076000
66 , 0.075000
67 , 0.076000
68 , 0.075000
69 , 0.073000
70 , 0.074000
71 , 0.073000
72 , 0.075000
73 , 0.075000
74 , 0.077000
75 , 0.076000
76 , 0.076000
77 , 0.074000
78 , 0.109000
79 , 0.087000
80 , 0.084000
81 , 0.081000
82 , 0.108000
83 , 0.081000
84 , 0.117000
85 , 0.031000
86 , 0.024000
87 , 0.025000
88 , 0.040000
89 , 0.040000
90 , 0.031000
91 , 0.032000
92 , 0.032000
93 , 0.030000
94 , 0.031000
95 , 0.029000
96 , 0.031000
97 , 0.038000
98 , 0.037000
99 , 0.043000
100 , 0.039000
101 , 0.037000
102 , 0.028000
103 , 0.032000
104 , 0.033000
105 , 0.034000
106 , 0.030000
107 , 0.031000
108 , 0.033000
109 , 0.032000
110 , 0.032000
111 , 0.041000
112 , 0.032000
113 , 0.027000
114 , 0.026000
115 , 0.033000
116 , 0.044000
117 , 0.039000
118 , 0.033000
119 , 0.026000
120 , 0.025000
121 , 0.025000
122 , 0.024000
123 , 0.024000
124 , 0.025000
125 , 0.024000
126 , 0.023000
127 , 0.024000
128 , 0.024000
129 , 0.024000
130 , 0.056000
131 , 0.049000
132 , 0.028000
133 , 0.029000
134 , 0.027000
135 , 0.032000
136 , 0.026000
137 , 0.027000
138 , 0.028000
139 , 0.029000
140 , 0.027000
141 , 0.026000
142 , 0.028000
143 , 0.027000
144 , 0.027000
145 , 0.027000
146 , 0.027000
147 , 0.029000
148 , 0.027000
149 , 0.030000
150 , 0.033000
151 , 0.031000
152 , 0.029000
153 , 0.027000
154 , 0.024000
155 , 0.028000
156 , 0.027000
157 , 0.027000
158 , 0.026000
159 , 0.030000
160 , 0.041000
161 , 0.028000
162 , 0.029000
163 , 0.046000
164 , 0.042000
165 , 0.035000
166 , 0.045000
167 , 0.039000
168 , 0.040000
169 , 0.030000
170 , 0.029000
171 , 0.029000
172 , 0.029000
173 , 0.028000
174 , 0.027000
175 , 0.028000
176 , 0.029000
177 , 0.027000
178 , 0.028000
179 , 0.027000
180 , 0.029000
181 , 0.027000
182 , 0.028000
183 , 0.027000
184 , 0.028000
185 , 0.028000
186 , 0.027000
187 , 0.027000
188 , 0.037000
189 , 0.034000
190 , 0.028000
191 , 0.027000
192 , 0.028000
193 , 0.029000
194 , 0.027000
195 , 0.027000
196 , 0.027000
197 , 0.028000
198 , 0.028000
199 , 0.028000
200 , 0.027000
201 , 0.027000
202 , 0.028000
203 , 0.027000
204 , 0.027000
205 , 0.027000
206 , 0.028000
207 , 0.027000
208 , 0.028000
209 , 0.028000
210 , 0.027000
211 , 0.028000
212 , 0.027000
213 , 0.027000
214 , 0.027000
215 , 0.028000
216 , 0.027000
217 , 0.027000
218 , 0.027000
219 , 0.027000
220 , 0.028000
221 , 0.027000
222 , 0.026000
223 , 0.027000
224 , 0.028000
225 , 0.027000
226 , 0.027000
227 , 0.028000
228 , 0.027000
229 , 0.028000
230 , 0.027000
231 , 0.027000
232 , 0.027000
233 , 0.028000
234 , 0.027000
235 , 0.027000
236 , 0.027000
237 , 0.035000
238 , 0.028000
239 , 0.028000
240 , 0.028000
241 , 0.028000
242 , 0.028000
243 , 0.028000
244 , 0.028000
245 , 0.027000
246 , 0.028000
247 , 0.028000
248 , 0.027000
249 , 0.027000
250 , 0.028000
251 , 0.028000
252 , 0.028000
253 , 0.029000
254 , 0.030000
255 , 0.029000
256 , 0.030000
257 , 0.029000
258 , 0.029000
259 , 0.029000
260 , 0.030000
261 , 0.029000
262 , 0.028000
263 , 0.029000
264 , 0.028000
265 , 0.031000
266 , 0.029000
267 , 0.028000
268 , 0.028000
269 , 0.030000
270 , 0.036000
271 , 0.028000
272 , 0.027000
273 , 0.028000
274 , 0.029000
275 , 0.027000
276 , 0.028000
277 , 0.028000
278 , 0.029000
279 , 0.028000
280 , 0.028000
281 , 0.029000
282 , 0.026000
283 , 0.029000
284 , 0.028000
285 , 0.027000
286 , 0.027000
287 , 0.031000
288 , 0.031000
289 , 0.028000
290 , 0.029000
291 , 0.027000
292 , 0.030000
293 , 0.029000
294 , 0.029000
295 , 0.028000
296 , 0.028000
297 , 0.030000
298 , 0.029000
299 , 0.029000
300 , 0.027000
301 , 0.028000
302 , 0.032000
303 , 0.030000
304 , 0.028000
305 , 0.031000
306 , 0.032000
307 , 0.028000
308 , 0.027000
309 , 0.027000
310 , 0.032000
311 , 0.028000
312 , 0.027000
313 , 0.027000
314 , 0.029000
315 , 0.028000
316 , 0.089000
317 , 0.036000
318 , 0.031000
319 , 0.028000
320 , 0.027000
321 , 0.027000
322 , 0.028000
323 , 0.027000
324 , 0.028000
325 , 0.027000
326 , 0.026000
327 , 0.027000
328 , 0.027000
329 , 0.027000
330 , 0.028000
331 , 0.027000
332 , 0.028000
333 , 0.028000
334 , 0.027000
335 , 0.027000
336 , 0.027000
337 , 0.027000
338 , 0.027000
339 , 0.028000
340 , 0.027000
341 , 0.027000
342 , 0.027000
343 , 0.027000
344 , 0.028000
345 , 0.027000
346 , 0.027000
347 , 0.027000
348 , 0.026000
349 , 0.028000
350 , 0.027000
351 , 0.030000
352 , 0.027000
353 , 0.028000
354 , 0.028000
355 , 0.027000
356 , 0.027000
357 , 0.027000
358 , 0.029000
359 , 0.028000
360 , 0.028000
361 , 0.042000
362 , 0.038000
363 , 0.029000
364 , 0.027000
365 , 0.030000
366 , 0.038000
367 , 0.028000
368 , 0.028000
369 , 0.027000
370 , 0.033000
371 , 0.030000
372 , 0.027000
373 , 0.028000
374 , 0.027000
375 , 0.028000
376 , 0.028000
377 , 0.030000
378 , 0.027000
379 , 0.027000
380 , 0.029000
381 , 0.032000
382 , 0.029000
383 , 0.026000
384 , 0.027000
385 , 0.032000
386 , 0.029000
387 , 0.030000
388 , 0.028000
389 , 0.031000
390 , 0.030000
391 , 0.029000
392 , 0.027000
393 , 0.027000
394 , 0.028000
395 , 0.032000
396 , 0.030000
397 , 0.029000
398 , 0.028000
399 , 0.028000
400 , 0.033000
401 , 0.029000
402 , 0.028000
403 , 0.028000
404 , 0.031000
405 , 0.029000
406 , 0.028000
407 , 0.029000
408 , 0.028000
409 , 0.029000
410 , 0.029000
411 , 0.027000
412 , 0.028000
413 , 0.029000
414 , 0.031000
415 , 0.028000
416 , 0.028000
417 , 0.027000
418 , 0.030000
419 , 0.033000
420 , 0.030000
421 , 0.029000
422 , 0.028000
423 , 0.029000
424 , 0.032000
425 , 0.030000
426 , 0.028000
427 , 0.027000
428 , 0.027000
429 , 0.030000
430 , 0.030000
431 , 0.027000
432 , 0.028000
433 , 0.031000
434 , 0.032000
435 , 0.028000
436 , 0.027000
437 , 0.027000
438 , 0.027000
439 , 0.028000
440 , 0.030000
441 , 0.029000
442 , 0.027000
443 , 0.030000
444 , 0.027000
445 , 0.034000
446 , 0.038000
447 , 0.027000
448 , 0.029000
449 , 0.027000
450 , 0.032000
451 , 0.032000
452 , 0.037000
453 , 0.066000
454 , 0.040000
455 , 0.033000
456 , 0.039000
457 , 0.048000
458 , 0.038000
459 , 0.029000
460 , 0.033000
461 , 0.030000
462 , 0.032000
463 , 0.032000
464 , 0.031000
465 , 0.033000
466 , 0.031000
467 , 0.032000
468 , 0.040000
469 , 0.029000
470 , 0.034000
471 , 0.030000
472 , 0.030000
473 , 0.033000
474 , 0.030000
475 , 0.048000
476 , 0.029000
477 , 0.029000
478 , 0.026000
479 , 0.029000
480 , 0.038000
481 , 0.027000
482 , 0.027000
483 , 0.027000
484 , 0.031000
485 , 0.049000
486 , 0.034000
487 , 0.040000
488 , 0.028000
489 , 0.043000
490 , 0.023000
491 , 0.031000
492 , 0.025000
493 , 0.026000
494 , 0.024000
495 , 0.025000
496 , 0.029000
497 , 0.027000
498 , 0.025000
499 , 0.040000
500 , 0.025000
501 , 0.024000
502 , 0.025000
503 , 0.024000
504 , 0.024000
505 , 0.026000
506 , 0.024000
507 , 0.026000
508 , 0.024000
509 , 0.024000
510 , 0.026000
511 , 0.024000
512 , 0.054000
513 , 0.132000
514 , 0.079000
515 , 0.074000
516 , 0.472000
517 , 0.091000
518 , 0.072000
519 , 0.030000
520 , 0.029000
521 , 0.029000
522 , 0.029000
523 , 0.029000
524 , 0.029000
525 , 0.030000
526 , 0.029000
527 , 0.030000
528 , 0.029000
529 , 0.028000
530 , 0.029000
531 , 0.029000
532 , 0.029000
533 , 0.030000
534 , 0.038000
535 , 0.028000
536 , 0.028000
537 , 0.028000
538 , 0.027000
539 , 0.027000
540 , 0.028000
541 , 0.028000
542 , 0.028000
543 , 0.027000
544 , 0.027000
545 , 0.028000
546 , 0.027000
547 , 0.028000
548 , 0.029000
549 , 0.029000
550 , 0.029000
551 , 0.029000
552 , 0.029000
553 , 0.029000
554 , 0.028000
555 , 0.032000
556 , 0.029000
557 , 0.029000
558 , 0.028000
559 , 0.028000
560 , 0.029000
561 , 0.028000
562 , 0.028000
563 , 0.028000
564 , 0.028000
565 , 0.029000
566 , 0.029000
567 , 0.029000
568 , 0.028000
569 , 0.029000
570 , 0.028000
571 , 0.028000
572 , 0.028000
573 , 0.028000
574 , 0.027000
575 , 0.029000
576 , 0.029000
577 , 0.039000
578 , 0.028000
579 , 0.027000
580 , 0.027000
581 , 0.029000
582 , 0.027000
583 , 0.028000
584 , 0.028000
585 , 0.028000
586 , 0.028000
587 , 0.028000
588 , 0.028000
589 , 0.028000
590 , 0.027000
591 , 0.027000
592 , 0.027000
593 , 0.028000
594 , 0.027000
595 , 0.027000
596 , 0.027000
597 , 0.029000
598 , 0.027000
599 , 0.028000
600 , 0.027000
601 , 0.027000
602 , 0.028000
603 , 0.028000
604 , 0.027000
605 , 0.027000
606 , 0.028000
607 , 0.027000
608 , 0.027000
609 , 0.028000
610 , 0.027000
611 , 0.027000
612 , 0.028000
613 , 0.027000
614 , 0.028000
615 , 0.029000
616 , 0.027000
617 , 0.028000
618 , 0.028000
619 , 0.027000
620 , 0.028000
621 , 0.042000
622 , 0.028000
623 , 0.027000
624 , 0.028000
625 , 0.028000
626 , 0.027000
627 , 0.027000
628 , 0.027000
629 , 0.029000
630 , 0.028000
631 , 0.027000
632 , 0.028000
633 , 0.029000
634 , 0.027000
635 , 0.028000
636 , 0.027000
637 , 0.028000
638 , 0.028000
639 , 0.027000
640 , 0.028000
641 , 0.028000
642 , 0.028000
643 , 0.028000
644 , 0.027000
645 , 0.027000
646 , 0.027000
647 , 0.028000
648 , 0.027000
649 , 0.027000
650 , 0.027000
651 , 0.028000
652 , 0.026000
653 , 0.027000
654 , 0.027000
655 , 0.028000
656 , 0.029000
657 , 0.027000
658 , 0.027000
659 , 0.028000
660 , 0.028000
661 , 0.027000
662 , 0.026000
663 , 0.027000
664 , 0.028000
665 , 0.028000
666 , 0.027000
667 , 0.027000
668 , 0.027000
669 , 0.029000
670 , 0.027000
671 , 0.027000
672 , 0.027000
673 , 0.027000
674 , 0.028000
675 , 0.027000
676 , 0.027000
677 , 0.028000
678 , 0.028000
679 , 0.028000
680 , 0.027000
681 , 0.027000
682 , 0.027000
683 , 0.028000
684 , 0.027000
685 , 0.027000
686 , 0.027000
687 , 0.028000
688 , 0.027000
689 , 0.027000
690 , 0.028000
691 , 0.028000
692 , 0.028000
693 , 0.027000
694 , 0.027000
695 , 0.027000
696 , 0.028000
697 , 0.027000
698 , 0.027000
699 , 0.027000
700 , 0.028000
701 , 0.028000
702 , 0.028000
703 , 0.027000
704 , 0.029000
705 , 0.029000
706 , 0.027000
707 , 0.028000
708 , 0.027000
709 , 0.026000
710 , 0.028000
711 , 0.028000
712 , 0.027000
713 , 0.027000
714 , 0.028000
715 , 0.027000
716 , 0.026000
717 , 0.027000
718 , 0.027000
719 , 0.028000
720 , 0.027000
721 , 0.027000
722 , 0.027000
723 , 0.028000
724 , 0.027000
725 , 0.027000
726 , 0.029000
727 , 0.027000
728 , 0.029000
729 , 0.027000
730 , 0.027000
731 , 0.028000
732 , 0.028000
733 , 0.027000
734 , 0.027000
735 , 0.027000
736 , 0.027000
737 , 0.028000
738 , 0.027000
739 , 0.028000
740 , 0.027000
741 , 0.029000
742 , 0.027000
743 , 0.026000
744 , 0.028000
745 , 0.027000
746 , 0.028000
747 , 0.034000
748 , 0.027000
749 , 0.032000
750 , 0.036000
751 , 0.029000
752 , 0.027000
753 , 0.028000
754 , 0.027000
755 , 0.030000
756 , 0.045000
757 , 0.035000
758 , 0.028000
759 , 0.030000
760 , 0.027000
761 , 0.030000
762 , 0.037000
763 , 0.027000
764 , 0.027000
765 , 0.028000
766 , 0.027000
767 , 0.028000
768 , 0.028000
769 , 0.027000
770 , 0.029000
771 , 0.027000
772 , 0.027000
773 , 0.028000
774 , 0.027000
775 , 0.028000
776 , 0.027000
777 , 0.028000
778 , 0.027000
779 , 0.029000
780 , 0.027000
781 , 0.027000
782 , 0.027000
783 , 0.027000
784 , 0.027000
785 , 0.027000
786 , 0.028000
787 , 0.027000
788 , 0.027000
789 , 0.028000
790 , 0.027000
791 , 0.027000
792 , 0.029000
793 , 0.028000
794 , 0.027000
795 , 0.027000
796 , 0.028000
797 , 0.027000
798 , 0.027000
799 , 0.028000
800 , 0.027000
801 , 0.027000
802 , 0.027000
803 , 0.028000
804 , 0.028000
805 , 0.028000
806 , 0.028000
807 , 0.028000
808 , 0.029000
809 , 0.028000
810 , 0.028000
811 , 0.027000
812 , 0.028000
813 , 0.028000
814 , 0.028000
815 , 0.028000
816 , 0.027000
817 , 0.027000
818 , 0.029000
819 , 0.038000
820 , 0.033000
821 , 0.045000
822 , 0.038000
823 , 0.043000
824 , 0.029000
825 , 0.027000
826 , 0.027000
827 , 0.032000
828 , 0.032000
829 , 0.031000
830 , 0.028000
831 , 0.029000
832 , 0.029000
833 , 0.030000
834 , 0.027000
835 , 0.027000
836 , 0.028000
837 , 0.030000
838 , 0.031000
839 , 0.028000
840 , 0.028000
841 , 0.027000
842 , 0.030000
843 , 0.030000
844 , 0.028000
845 , 0.027000
846 , 0.028000
847 , 0.030000
848 , 0.029000
849 , 0.028000
850 , 0.027000
851 , 0.028000
852 , 0.031000
853 , 0.030000
854 , 0.028000
855 , 0.027000
856 , 0.029000
857 , 0.029000
858 , 0.030000
859 , 0.027000
860 , 0.027000
861 , 0.029000
862 , 0.031000
863 , 0.029000
864 , 0.028000
865 , 0.030000
866 , 0.030000
867 , 0.028000
868 , 0.028000
869 , 0.029000
870 , 0.029000
871 , 0.029000
872 , 0.028000
873 , 0.028000
874 , 0.029000
875 , 0.037000
876 , 0.044000
877 , 0.032000
878 , 0.028000
879 , 0.029000
880 , 0.029000
881 , 0.030000
882 , 0.027000
883 , 0.027000
884 , 0.028000
885 , 0.029000
886 , 0.030000
887 , 0.027000
888 , 0.027000
889 , 0.026000
890 , 0.034000
891 , 0.029000
892 , 0.027000
893 , 0.027000
894 , 0.027000
895 , 0.030000
896 , 0.029000
897 , 0.027000
898 , 0.027000
899 , 0.028000
900 , 0.026000
901 , 0.029000
902 , 0.030000
903 , 0.027000
904 , 0.028000
905 , 0.027000
906 , 0.030000
907 , 0.030000
908 , 0.028000
909 , 0.027000
910 , 0.029000
911 , 0.031000
912 , 0.027000
913 , 0.028000
914 , 0.027000
915 , 0.034000
916 , 0.027000
917 , 0.027000
918 , 0.027000
919 , 0.027000
920 , 0.029000
921 , 0.029000
922 , 0.028000
923 , 0.027000
924 , 0.027000
925 , 0.029000
926 , 0.031000
927 , 0.027000
928 , 0.028000
929 , 0.029000
930 , 0.029000
931 , 0.031000
932 , 0.027000
933 , 0.027000
934 , 0.028000
935 , 0.029000
936 , 0.028000
937 , 0.027000
938 , 0.027000
939 , 0.030000
940 , 0.030000
941 , 0.028000
942 , 0.028000
943 , 0.028000
944 , 0.029000
945 , 0.028000
946 , 0.026000
947 , 0.028000
948 , 0.028000
949 , 0.031000
950 , 0.028000
951 , 0.027000
952 , 0.026000
953 , 0.028000
954 , 0.027000
955 , 0.028000
956 , 0.029000
957 , 0.026000
958 , 0.028000
959 , 0.027000
960 , 0.029000
961 , 0.029000
962 , 0.028000
963 , 0.027000
964 , 0.027000
965 , 0.029000
966 , 0.028000
967 , 0.028000
968 , 0.028000
969 , 0.029000
970 , 0.028000
971 , 0.029000
972 , 0.027000
973 , 0.027000
974 , 0.027000
975 , 0.029000
976 , 0.029000
977 , 0.029000
978 , 0.028000
979 , 0.026000
980 , 0.027000
981 , 0.031000
982 , 0.030000
983 , 0.027000
984 , 0.027000
985 , 0.028000
986 , 0.027000
987 , 0.027000
988 , 0.027000
989 , 0.028000
990 , 0.027000
991 , 0.027000
992 , 0.027000
993 , 0.027000
994 , 0.028000
995 , 0.027000
996 , 0.027000
997 , 0.027000
998 , 0.029000
999 , 0.027000
1000 , 0.027000
1001 , 0.028000
1002 , 0.027000
1003 , 0.028000
1004 , 0.027000
1005 , 0.026000
1006 , 0.026000
1007 , 0.122000
1008 , 0.028000
1009 , 0.028000
1010 , 0.027000
1011 , 0.027000
1012 , 0.027000
1013 , 0.027000
1014 , 0.027000
1015 , 0.028000
1016 , 0.027000
1017 , 0.027000
1018 , 0.028000
1019 , 0.028000
1020 , 0.028000
1021 , 0.028000
1022 , 0.028000
1023 , 0.029000
1024 , 0.028000
1025 , 0.028000
1026 , 0.027000
1027 , 0.028000
1028 , 0.028000
1029 , 0.028000
1030 , 0.028000
1031 , 0.027000
1032 , 0.028000
1033 , 0.029000
1034 , 0.028000
1035 , 0.029000
1036 , 0.028000
1037 , 0.028000
1038 , 0.028000
1039 , 0.028000
1040 , 0.027000
1041 , 0.028000
1042 , 0.029000
1043 , 0.027000
1044 , 0.027000
1045 , 0.028000
1046 , 0.027000
1047 , 0.028000
1048 , 0.028000
1049 , 0.029000
1050 , 0.028000
1051 , 0.028000
1052 , 0.027000
1053 , 0.029000
1054 , 0.028000
1055 , 0.028000
1056 , 0.028000
1057 , 0.027000
1058 , 0.027000
1059 , 0.027000
1060 , 0.028000
1061 , 0.028000
1062 , 0.028000
1063 , 0.028000
1064 , 0.028000
1065 , 0.028000
1066 , 0.028000
1067 , 0.028000
1068 , 0.027000
1069 , 0.028000
1070 , 0.028000
1071 , 0.028000
1072 , 0.028000
1073 , 0.028000
1074 , 0.028000
1075 , 0.027000
1076 , 0.027000
1077 , 0.028000
1078 , 0.027000
1079 , 0.028000
1080 , 0.028000
1081 , 0.029000
1082 , 0.027000
1083 , 0.028000
1084 , 0.028000
1085 , 0.028000
1086 , 0.028000
1087 , 0.028000
1088 , 0.028000
1089 , 0.029000
1090 , 0.027000
1091 , 0.027000
1092 , 0.029000
1093 , 0.029000
1094 , 0.027000
1095 , 0.024000
1096 , 0.028000
1097 , 0.029000
1098 , 0.028000
1099 , 0.028000
1100 , 0.028000
1101 , 0.028000
1102 , 0.029000
1103 , 0.028000
1104 , 0.028000
1105 , 0.027000
1106 , 0.028000
1107 , 0.028000
1108 , 0.028000
1109 , 0.028000
1110 , 0.028000
1111 , 0.029000
1112 , 0.028000
1113 , 0.028000
1114 , 0.028000
1115 , 0.028000
1116 , 0.027000
1117 , 0.027000
1118 , 0.028000
1119 , 0.028000
1120 , 0.028000
1121 , 0.027000
1122 , 0.028000
1123 , 0.027000
1124 , 0.028000
1125 , 0.027000
1126 , 0.028000
1127 , 0.027000
1128 , 0.027000
1129 , 0.028000
1130 , 0.027000
1131 , 0.027000
1132 , 0.027000
1133 , 0.047000
1134 , 0.029000
1135 , 0.027000
1136 , 0.026000
1137 , 0.027000
1138 , 0.027000
1139 , 0.028000
1140 , 0.027000
1141 , 0.027000
1142 , 0.027000
1143 , 0.028000
1144 , 0.028000
1145 , 0.027000
1146 , 0.028000
1147 , 0.028000
1148 , 0.027000
1149 , 0.026000
1150 , 0.026000
1151 , 0.026000
1152 , 0.027000
1153 , 0.027000
1154 , 0.027000
1155 , 0.028000
1156 , 0.026000
1157 , 0.028000
1158 , 0.028000
1159 , 0.027000
1160 , 0.027000
1161 , 0.028000
1162 , 0.027000
1163 , 0.036000
1164 , 0.028000
1165 , 0.029000
1166 , 0.028000
1167 , 0.028000
1168 , 0.029000
1169 , 0.028000
1170 , 0.028000
1171 , 0.029000
1172 , 0.028000
1173 , 0.029000
1174 , 0.029000
1175 , 0.029000
1176 , 0.029000
1177 , 0.028000
1178 , 0.028000
1179 , 0.029000
1180 , 0.028000
1181 , 0.028000
1182 , 0.028000
1183 , 0.028000
1184 , 0.028000
1185 , 0.029000
1186 , 0.028000
1187 , 0.030000
1188 , 0.028000
1189 , 0.028000
1190 , 0.028000
1191 , 0.029000
1192 , 0.028000
1193 , 0.029000
1194 , 0.029000
1195 , 0.029000
1196 , 0.036000
1197 , 0.028000
1198 , 0.026000
1199 , 0.027000
1200 , 0.028000
1201 , 0.027000
1202 , 0.027000
1203 , 0.028000
1204 , 0.027000
1205 , 0.027000
1206 , 0.028000
1207 , 0.027000
1208 , 0.027000
1209 , 0.028000
1210 , 0.027000
1211 , 0.028000
1212 , 0.026000
1213 , 0.026000
1214 , 0.027000
1215 , 0.028000
1216 , 0.027000
1217 , 0.028000
1218 , 0.028000
1219 , 0.028000
1220 , 0.028000
1221 , 0.028000
1222 , 0.027000
1223 , 0.027000
1224 , 0.028000
1225 , 0.027000
1226 , 0.027000
1227 , 0.027000
1228 , 0.027000
1229 , 0.028000
1230 , 0.027000
1231 , 0.027000
1232 , 0.027000
1233 , 0.028000
1234 , 0.027000
1235 , 0.028000
1236 , 0.027000
1237 , 0.030000
1238 , 0.027000
1239 , 0.027000
1240 , 0.027000
1241 , 0.027000
1242 , 0.028000
1243 , 0.027000
1244 , 0.027000
1245 , 0.027000
1246 , 0.027000
1247 , 0.028000
1248 , 0.027000
1249 , 0.028000
1250 , 0.028000
1251 , 0.031000
1252 , 0.027000
1253 , 0.027000
1254 , 0.026000
1255 , 0.027000
1256 , 0.028000
1257 , 0.027000
1258 , 0.027000
1259 , 0.028000
1260 , 0.028000
1261 , 0.101000
1262 , 0.032000
1263 , 0.027000
1264 , 0.025000
1265 , 0.027000
1266 , 0.026000
1267 , 0.032000
1268 , 0.028000
1269 , 0.028000
1270 , 0.030000
1271 , 0.030000
1272 , 0.028000
1273 , 0.029000
1274 , 0.030000
1275 , 0.029000
1276 , 0.028000
1277 , 0.028000
1278 , 0.028000
1279 , 0.030000
1280 , 0.031000
1281 , 0.029000
1282 , 0.027000
1283 , 0.034000
1284 , 0.029000
1285 , 0.030000
1286 , 0.028000
1287 , 0.031000
1288 , 0.030000
1289 , 0.029000
1290 , 0.028000
1291 , 0.028000
1292 , 0.027000
1293 , 0.028000
1294 , 0.028000
1295 , 0.028000
1296 , 0.028000
1297 , 0.028000
1298 , 0.028000
1299 , 0.028000
1300 , 0.029000
1301 , 0.028000
1302 , 0.028000
1303 , 0.027000
1304 , 0.027000
1305 , 0.028000
1306 , 0.028000
1307 , 0.029000
1308 , 0.029000
1309 , 0.029000
1310 , 0.029000
1311 , 0.028000
1312 , 0.028000
1313 , 0.028000
1314 , 0.029000
1315 , 0.029000
1316 , 0.029000
1317 , 0.028000
1318 , 0.029000
1319 , 0.028000
1320 , 0.030000
1321 , 0.029000
1322 , 0.029000
1323 , 0.029000
1324 , 0.029000
1325 , 0.029000
1326 , 0.028000
1327 , 0.028000
1328 , 0.029000
1329 , 0.029000
1330 , 0.028000
1331 , 0.029000
1332 , 0.028000
1333 , 0.028000
1334 , 0.029000
1335 , 0.028000
1336 , 0.029000
1337 , 0.029000
1338 , 0.030000
1339 , 0.029000
1340 , 0.029000
1341 , 0.028000
1342 , 0.060000
1343 , 0.029000
1344 , 0.028000
1345 , 0.033000
1346 , 0.037000
1347 , 0.043000
1348 , 0.029000
1349 , 0.029000
1350 , 0.028000
1351 , 0.028000
1352 , 0.031000
1353 , 0.027000
1354 , 0.028000
1355 , 0.030000
1356 , 0.037000
1357 , 0.027000
1358 , 0.027000
1359 , 0.027000
1360 , 0.028000
1361 , 0.031000
1362 , 0.029000
1363 , 0.027000
1364 , 0.027000
1365 , 0.030000
1366 , 0.031000
1367 , 0.029000
1368 , 0.028000
1369 , 0.027000
1370 , 0.027000
1371 , 0.030000
1372 , 0.029000
1373 , 0.028000
1374 , 0.027000
1375 , 0.028000
1376 , 0.030000
1377 , 0.030000
1378 , 0.036000
1379 , 0.034000
1380 , 0.027000
1381 , 0.027000
1382 , 0.027000
1383 , 0.027000
1384 , 0.027000
1385 , 0.030000
1386 , 0.028000
1387 , 0.027000
1388 , 0.027000
1389 , 0.027000
1390 , 0.029000
1391 , 0.036000
1392 , 0.028000
1393 , 0.029000
1394 , 0.026000
1395 , 0.029000
1396 , 0.037000
1397 , 0.027000
1398 , 0.028000
1399 , 0.027000
1400 , 0.029000
1401 , 0.036000
1402 , 0.027000
1403 , 0.027000
1404 , 0.027000
1405 , 0.027000
1406 , 0.030000
1407 , 0.029000
1408 , 0.028000
1409 , 0.027000
1410 , 0.028000
1411 , 0.029000
1412 , 0.030000
1413 , 0.027000
1414 , 0.027000
1415 , 0.028000
1416 , 0.030000
1417 , 0.029000
1418 , 0.029000
1419 , 0.027000
1420 , 0.028000
1421 , 0.031000
1422 , 0.029000
1423 , 0.027000
1424 , 0.028000
1425 , 0.030000
1426 , 0.029000
1427 , 0.028000
1428 , 0.027000
1429 , 0.027000
1430 , 0.026000
1431 , 0.029000
1432 , 0.030000
1433 , 0.027000
1434 , 0.027000
1435 , 0.027000
1436 , 0.030000
1437 , 0.030000
1438 , 0.027000
1439 , 0.026000
1440 , 0.028000
1441 , 0.030000
1442 , 0.028000
1443 , 0.027000
1444 , 0.031000
1445 , 0.030000
1446 , 0.028000
1447 , 0.028000
1448 , 0.034000
1449 , 0.031000
1450 , 0.028000
1451 , 0.030000
1452 , 0.030000
1453 , 0.027000
1454 , 0.029000
1455 , 0.028000
1456 , 0.031000
1457 , 0.030000
1458 , 0.029000
1459 , 0.028000
1460 , 0.032000
1461 , 0.030000
1462 , 0.028000
1463 , 0.027000
1464 , 0.030000
1465 , 0.031000
1466 , 0.028000
1467 , 0.028000
1468 , 0.030000
1469 , 0.028000
1470 , 0.028000
1471 , 0.030000
1472 , 0.029000
1473 , 0.045000
1474 , 0.029000
1475 , 0.030000
1476 , 0.031000
1477 , 0.030000
1478 , 0.028000
1479 , 0.030000
1480 , 0.030000
1481 , 0.030000
1482 , 0.030000
1483 , 0.029000
1484 , 0.029000
1485 , 0.031000
1486 , 0.029000
1487 , 0.034000
1488 , 0.029000
1489 , 0.029000
1490 , 0.029000
1491 , 0.030000
1492 , 0.029000
1493 , 0.029000
1494 , 0.031000
1495 , 0.058000
1496 , 0.035000
1497 , 0.029000
1498 , 0.029000
1499 , 0.029000
1500 , 0.029000
1501 , 0.030000
1502 , 0.028000
1503 , 0.029000
1504 , 0.029000
1505 , 0.030000
1506 , 0.029000
1507 , 0.028000
1508 , 0.029000
1509 , 0.028000
1510 , 0.029000
1511 , 0.029000
1512 , 0.029000
1513 , 0.029000
1514 , 0.029000
1515 , 0.030000
1516 , 0.029000
1517 , 0.030000
1518 , 0.029000
1519 , 0.029000
1520 , 0.030000
1521 , 0.029000
1522 , 0.030000
1523 , 0.031000
1524 , 0.030000
1525 , 0.030000
1526 , 0.029000
1527 , 0.029000
1528 , 0.030000
1529 , 0.030000
1530 , 0.030000
1531 , 0.029000
1532 , 0.029000
1533 , 0.029000
1534 , 0.030000
1535 , 0.039000
1536 , 0.030000
1537 , 0.028000
1538 , 0.028000
1539 , 0.028000
1540 , 0.028000
1541 , 0.028000
1542 , 0.028000
1543 , 0.028000
1544 , 0.028000
1545 , 0.028000
1546 , 0.028000
1547 , 0.028000
1548 , 0.028000
1549 , 0.028000
1550 , 0.029000
1551 , 0.029000
1552 , 0.030000
1553 , 0.029000
1554 , 0.029000
1555 , 0.028000
1556 , 0.028000
1557 , 0.028000
1558 , 0.029000
1559 , 0.028000
1560 , 0.028000
1561 , 0.028000
1562 , 0.028000
1563 , 0.029000
1564 , 0.028000
1565 , 0.028000
1566 , 0.028000
1567 , 0.031000
1568 , 0.035000
1569 , 0.028000
1570 , 0.028000
1571 , 0.028000
1572 , 0.028000
1573 , 0.028000
1574 , 0.027000
1575 , 0.027000
1576 , 0.029000
1577 , 0.027000
1578 , 0.028000
1579 , 0.027000
1580 , 0.028000
1581 , 0.029000
1582 , 0.028000
1583 , 0.028000
1584 , 0.027000
1585 , 0.029000
1586 , 0.028000
1587 , 0.028000
1588 , 0.027000
1589 , 0.028000
1590 , 0.028000
1591 , 0.027000
1592 , 0.028000
1593 , 0.027000
1594 , 0.028000
1595 , 0.027000
1596 , 0.028000
1597 , 0.027000
1598 , 0.028000
1599 , 0.028000
1600 , 0.027000
1601 , 0.027000
1602 , 0.026000
1603 , 0.028000
1604 , 0.028000
1605 , 0.027000
1606 , 0.027000
1607 , 0.028000
1608 , 0.029000
1609 , 0.028000
1610 , 0.027000
1611 , 0.028000
1612 , 0.028000
1613 , 0.027000
1614 , 0.028000
1615 , 0.027000
1616 , 0.028000
1617 , 0.028000
1618 , 0.028000
1619 , 0.027000
1620 , 0.027000
1621 , 0.028000
1622 , 0.054000
1623 , 0.028000
1624 , 0.028000
1625 , 0.027000
1626 , 0.028000
1627 , 0.028000
1628 , 0.028000
1629 , 0.029000
1630 , 0.038000
1631 , 0.035000
1632 , 0.026000
1633 , 0.030000
1634 , 0.028000
1635 , 0.026000
1636 , 0.029000
1637 , 0.029000
1638 , 0.028000
1639 , 0.028000
1640 , 0.027000
1641 , 0.028000
1642 , 0.027000
1643 , 0.028000
1644 , 0.027000
1645 , 0.027000
1646 , 0.028000
1647 , 0.027000
1648 , 0.027000
1649 , 0.027000
1650 , 0.028000
1651 , 0.028000
1652 , 0.027000
1653 , 0.028000
1654 , 0.027000
1655 , 0.028000
1656 , 0.028000
1657 , 0.027000
1658 , 0.027000
1659 , 0.028000
1660 , 0.028000
1661 , 0.028000
1662 , 0.027000
1663 , 0.028000
1664 , 0.029000
1665 , 0.028000
1666 , 0.028000
1667 , 0.028000
1668 , 0.028000
1669 , 0.028000
1670 , 0.028000
1671 , 0.028000
1672 , 0.027000
1673 , 0.028000
1674 , 0.028000
1675 , 0.027000
1676 , 0.028000
1677 , 0.029000
1678 , 0.027000
1679 , 0.027000
1680 , 0.027000
1681 , 0.028000
1682 , 0.028000
1683 , 0.027000
1684 , 0.028000
1685 , 0.028000
1686 , 0.029000
1687 , 0.027000
1688 , 0.027000
1689 , 0.026000
1690 , 0.027000
1691 , 0.029000
1692 , 0.029000
1693 , 0.027000
1694 , 0.027000
1695 , 0.029000
1696 , 0.028000
1697 , 0.027000
1698 , 0.027000
1699 , 0.028000
1700 , 0.028000
1701 , 0.027000
1702 , 0.027000
1703 , 0.027000
1704 , 0.028000
1705 , 0.027000
1706 , 0.027000
1707 , 0.028000
1708 , 0.028000
1709 , 0.029000
1710 , 0.027000
1711 , 0.028000
1712 , 0.028000
1713 , 0.028000
1714 , 0.027000
1715 , 0.027000
1716 , 0.028000
1717 , 0.028000
1718 , 0.028000
1719 , 0.027000
1720 , 0.028000
1721 , 0.028000
1722 , 0.028000
1723 , 0.027000
1724 , 0.028000
1725 , 0.028000
1726 , 0.028000
1727 , 0.028000
1728 , 0.027000
1729 , 0.027000
1730 , 0.027000
1731 , 0.029000
1732 , 0.028000
1733 , 0.028000
1734 , 0.027000
1735 , 0.028000
1736 , 0.028000
1737 , 0.027000
1738 , 0.028000
1739 , 0.028000
1740 , 0.028000
1741 , 0.027000
1742 , 0.028000
1743 , 0.028000
1744 , 0.028000
1745 , 0.029000
1746 , 0.027000
1747 , 0.029000
1748 , 0.027000
1749 , 0.028000
1750 , 0.027000
1751 , 0.028000
1752 , 0.028000
1753 , 0.027000
1754 , 0.028000
1755 , 0.046000
1756 , 0.035000
1757 , 0.034000
1758 , 0.036000
1759 , 0.028000
1760 , 0.027000
1761 , 0.027000
1762 , 0.027000
1763 , 0.028000
1764 , 0.027000
1765 , 0.027000
1766 , 0.028000
1767 , 0.027000
1768 , 0.028000
1769 , 0.027000
1770 , 0.026000
1771 , 0.027000
1772 , 0.027000
1773 , 0.028000
1774 , 0.027000
1775 , 0.028000
1776 , 0.028000
1777 , 0.027000
1778 , 0.027000
1779 , 0.026000
1780 , 0.027000
1781 , 0.030000
1782 , 0.030000
1783 , 0.027000
1784 , 0.027000
1785 , 0.028000
1786 , 0.036000
1787 , 0.027000
1788 , 0.027000
1789 , 0.027000
1790 , 0.030000
1791 , 0.030000
1792 , 0.034000
1793 , 0.027000
1794 , 0.029000
1795 , 0.037000
1796 , 0.027000
1797 , 0.027000
1798 , 0.030000
1799 , 0.037000
1800 , 0.028000
1801 , 0.034000
1802 , 0.028000
1803 , 0.029000
1804 , 0.027000
1805 , 0.033000
1806 , 0.026000
1807 , 0.027000
1808 , 0.026000
1809 , 0.027000
1810 , 0.027000
1811 , 0.027000
1812 , 0.027000
1813 , 0.027000
1814 , 0.027000
1815 , 0.026000
1816 , 0.026000
1817 , 0.033000
1818 , 0.027000
1819 , 0.026000
1820 , 0.027000
1821 , 0.027000
1822 , 0.027000
1823 , 0.027000
1824 , 0.027000
1825 , 0.026000
1826 , 0.027000
1827 , 0.028000
1828 , 0.027000
1829 , 0.027000
1830 , 0.026000
1831 , 0.027000
1832 , 0.027000
1833 , 0.027000
1834 , 0.027000
1835 , 0.026000
1836 , 0.027000
1837 , 0.028000
1838 , 0.034000
1839 , 0.028000
1840 , 0.028000
1841 , 0.027000
1842 , 0.027000
1843 , 0.027000
1844 , 0.026000
1845 , 0.027000
1846 , 0.028000
1847 , 0.027000
1848 , 0.027000
1849 , 0.027000
1850 , 0.027000
1851 , 0.028000
1852 , 0.027000
1853 , 0.027000
1854 , 0.027000
1855 , 0.027000
1856 , 0.028000
1857 , 0.028000
1858 , 0.041000
1859 , 0.029000
1860 , 0.028000
1861 , 0.027000
1862 , 0.028000
1863 , 0.026000
1864 , 0.028000
1865 , 0.027000
1866 , 0.028000
1867 , 0.028000
1868 , 0.028000
1869 , 0.027000
1870 , 0.028000
1871 , 0.027000
1872 , 0.028000
1873 , 0.028000
1874 , 0.028000
1875 , 0.107000
1876 , 0.035000
1877 , 0.036000
1878 , 0.029000
1879 , 0.028000
1880 , 0.036000
1881 , 0.027000
1882 , 0.029000
1883 , 0.027000
1884 , 0.029000
1885 , 0.027000
1886 , 0.030000
1887 , 0.034000
1888 , 0.036000
1889 , 0.027000
1890 , 0.029000
1891 , 0.027000
1892 , 0.029000
1893 , 0.034000
1894 , 0.030000
1895 , 0.027000
1896 , 0.030000
1897 , 0.028000
1898 , 0.028000
1899 , 0.027000
1900 , 0.028000
1901 , 0.026000
1902 , 0.030000
1903 , 0.028000
1904 , 0.030000
1905 , 0.026000
1906 , 0.028000
1907 , 0.033000
1908 , 0.030000
1909 , 0.027000
1910 , 0.029000
1911 , 0.027000
1912 , 0.029000
1913 , 0.027000
1914 , 0.030000
1915 , 0.028000
1916 , 0.031000
1917 , 0.027000
1918 , 0.028000
1919 , 0.028000
1920 , 0.028000
1921 , 0.028000
1922 , 0.028000
1923 , 0.027000
1924 , 0.027000
1925 , 0.027000
1926 , 0.028000
1927 , 0.027000
1928 , 0.027000
1929 , 0.030000
1930 , 0.028000
1931 , 0.028000
1932 , 0.027000
1933 , 0.030000
1934 , 0.028000
1935 , 0.030000
1936 , 0.027000
1937 , 0.029000
1938 , 0.027000
1939 , 0.027000
1940 , 0.028000
1941 , 0.027000
1942 , 0.028000
1943 , 0.028000
1944 , 0.028000
1945 , 0.035000
1946 , 0.027000
1947 , 0.028000
1948 , 0.030000
1949 , 0.028000
1950 , 0.030000
1951 , 0.027000
1952 , 0.030000
1953 , 0.028000
1954 , 0.028000
1955 , 0.028000
1956 , 0.031000
1957 , 0.028000
1958 , 0.031000
1959 , 0.031000
1960 , 0.028000
1961 , 0.027000
1962 , 0.030000
1963 , 0.028000
1964 , 0.030000
1965 , 0.027000
1966 , 0.030000
1967 , 0.028000
1968 , 0.029000
1969 , 0.028000
1970 , 0.027000
1971 , 0.027000
1972 , 0.028000
1973 , 0.028000
1974 , 0.028000
1975 , 0.028000
1976 , 0.028000
1977 , 0.028000
1978 , 0.036000
1979 , 0.029000
1980 , 0.028000
1981 , 0.029000
1982 , 0.028000
1983 , 0.029000
1984 , 0.028000
1985 , 0.030000
1986 , 0.028000
1987 , 0.029000
1988 , 0.028000
1989 , 0.031000
1990 , 0.028000
1991 , 0.031000
1992 , 0.027000
1993 , 0.030000
1994 , 0.027000
1995 , 0.028000
1996 , 0.062000
1997 , 0.030000
1998 , 0.027000
1999 , 0.027000
2000 , 0.027000
2001 , 0.028000
2002 , 0.028000
2003 , 0.029000
2004 , 0.027000
2005 , 0.029000
2006 , 0.028000
2007 , 0.028000
2008 , 0.028000
2009 , 0.029000
2010 , 0.028000
2011 , 0.028000
2012 , 0.027000
2013 , 0.027000
2014 , 0.027000
2015 , 0.028000
2016 , 0.027000
2017 , 0.028000
2018 , 0.028000
2019 , 0.035000
2020 , 0.027000
2021 , 0.028000
2022 , 0.029000
2023 , 0.027000
2024 , 0.031000
2025 , 0.027000
2026 , 0.028000
2027 , 0.026000
2028 , 0.029000
2029 , 0.029000
2030 , 0.030000
2031 , 0.027000
2032 , 0.027000
2033 , 0.027000
2034 , 0.027000
2035 , 0.027000
2036 , 0.027000
2037 , 0.027000
2038 , 0.029000
2039 , 0.028000
2040 , 0.027000
2041 , 0.027000
2042 , 0.031000
2043 , 0.039000
2044 , 0.031000
2045 , 0.028000
2046 , 0.029000
2047 , 0.028000
2048 , 0.028000
2049 , 0.027000
2050 , 0.027000
2051 , 0.027000
2052 , 0.036000
2053 , 0.028000
2054 , 0.027000
2055 , 0.027000
2056 , 0.028000
2057 , 0.031000
2058 , 0.027000
2059 , 0.030000
2060 , 0.027000
2061 , 0.030000
2062 , 0.027000
2063 , 0.028000
2064 , 0.028000
2065 , 0.030000
2066 , 0.027000
2067 , 0.027000
2068 , 0.027000
2069 , 0.027000
2070 , 0.028000
2071 , 0.026000
2072 , 0.027000
2073 , 0.027000
2074 , 0.027000
2075 , 0.035000
2076 , 0.028000
2077 , 0.027000
2078 , 0.027000
2079 , 0.027000
2080 , 0.030000
2081 , 0.027000
2082 , 0.029000
2083 , 0.027000
2084 , 0.029000
2085 , 0.028000
2086 , 0.030000
2087 , 0.027000
2088 , 0.033000
2089 , 0.026000
2090 , 0.028000
2091 , 0.028000
2092 , 0.028000
2093 , 0.028000
2094 , 0.028000
2095 , 0.027000
2096 , 0.026000
2097 , 0.027000
2098 , 0.027000
2099 , 0.026000
2100 , 0.027000
2101 , 0.028000
2102 , 0.027000
2103 , 0.027000
2104 , 0.028000
2105 , 0.028000
2106 , 0.028000
2107 , 0.028000
2108 , 0.027000
2109 , 0.027000
2110 , 0.027000
2111 , 0.030000
2112 , 0.027000
2113 , 0.030000
2114 , 0.027000
2115 , 0.029000
2116 , 0.027000
2117 , 0.029000
2118 , 0.027000
2119 , 0.036000
2120 , 0.028000
2121 , 0.033000
2122 , 0.027000
2123 , 0.029000
2124 , 0.028000
2125 , 0.123000
2126 , 0.028000
2127 , 0.028000
2128 , 0.027000
2129 , 0.028000
2130 , 0.027000
2131 , 0.028000
2132 , 0.028000
2133 , 0.028000
2134 , 0.027000
2135 , 0.029000
2136 , 0.027000
2137 , 0.028000
2138 , 0.028000
2139 , 0.027000
2140 , 0.027000
2141 , 0.028000
2142 , 0.027000
2143 , 0.027000
2144 , 0.038000
2145 , 0.035000
2146 , 0.029000
2147 , 0.036000
2148 , 0.028000
2149 , 0.028000
2150 , 0.029000
2151 , 0.028000
2152 , 0.029000
2153 , 0.028000
2154 , 0.029000
2155 , 0.029000
2156 , 0.030000
2157 , 0.029000
2158 , 0.030000
2159 , 0.028000
2160 , 0.031000
2161 , 0.028000
2162 , 0.031000
2163 , 0.029000
2164 , 0.029000
2165 , 0.028000
2166 , 0.030000
2167 , 0.028000
2168 , 0.031000
2169 , 0.032000
2170 , 0.029000
2171 , 0.028000
2172 , 0.028000
2173 , 0.029000
2174 , 0.028000
2175 , 0.036000
2176 , 0.027000
2177 , 0.028000
2178 , 0.028000
2179 , 0.034000
2180 , 0.028000
2181 , 0.028000
2182 , 0.030000
2183 , 0.028000
2184 , 0.030000
2185 , 0.027000
2186 , 0.028000
2187 , 0.028000
2188 , 0.033000
2189 , 0.028000
2190 , 0.032000
2191 , 0.028000
2192 , 0.029000
2193 , 0.027000
2194 , 0.029000
2195 , 0.027000
2196 , 0.028000
2197 , 0.028000
2198 , 0.027000
2199 , 0.027000
2200 , 0.029000
2201 , 0.028000
2202 , 0.035000
2203 , 0.027000
2204 , 0.028000
2205 , 0.031000
2206 , 0.028000
2207 , 0.029000
2208 , 0.028000
2209 , 0.030000
2210 , 0.028000
2211 , 0.027000
2212 , 0.027000
2213 , 0.029000
2214 , 0.028000
2215 , 0.027000
2216 , 0.027000
2217 , 0.027000
2218 , 0.028000
2219 , 0.027000
2220 , 0.028000
2221 , 0.027000
2222 , 0.027000
2223 , 0.030000
2224 , 0.028000
2225 , 0.028000
2226 , 0.028000
2227 , 0.028000
2228 , 0.030000
2229 , 0.027000
2230 , 0.028000
2231 , 0.028000
2232 , 0.030000
2233 , 0.027000
2234 , 0.028000
2235 , 0.027000
2236 , 0.028000
2237 , 0.028000
2238 , 0.028000
2239 , 0.027000
2240 , 0.027000
2241 , 0.028000
2242 , 0.034000
2243 , 0.027000
2244 , 0.028000
2245 , 0.029000
2246 , 0.027000
2247 , 0.030000
2248 , 0.027000
2249 , 0.027000
2250 , 0.028000
2251 , 0.030000
2252 , 0.052000
2253 , 0.031000
2254 , 0.028000
2255 , 0.028000
2256 , 0.027000
2257 , 0.029000
2258 , 0.027000
2259 , 0.027000
2260 , 0.027000
2261 , 0.027000
2262 , 0.027000
2263 , 0.028000
2264 , 0.028000
2265 , 0.027000
2266 , 0.028000
2267 , 0.027000
2268 , 0.030000
2269 , 0.028000
2270 , 0.030000
2271 , 0.028000
2272 , 0.028000
2273 , 0.028000
2274 , 0.030000
2275 , 0.027000
2276 , 0.030000
2277 , 0.027000
2278 , 0.027000
2279 , 0.027000
2280 , 0.028000
2281 , 0.027000
2282 , 0.030000
2283 , 0.028000
2284 , 0.027000
2285 , 0.028000
2286 , 0.027000
2287 , 0.029000
2288 , 0.028000
2289 , 0.027000
2290 , 0.027000
2291 , 0.032000
2292 , 0.027000
2293 , 0.030000
2294 , 0.027000
2295 , 0.028000
2296 , 0.029000
2297 , 0.029000
2298 , 0.028000
2299 , 0.030000
2300 , 0.028000
2301 , 0.033000
2302 , 0.028000
2303 , 0.033000
2304 , 0.028000
2305 , 0.031000
2306 , 0.027000
2307 , 0.027000
2308 , 0.027000
2309 , 0.030000
2310 , 0.028000
2311 , 0.028000
2312 , 0.027000
2313 , 0.027000
2314 , 0.028000
2315 , 0.028000
2316 , 0.027000
2317 , 0.027000
2318 , 0.027000
2319 , 0.027000
2320 , 0.029000
2321 , 0.026000
2322 , 0.027000
2323 , 0.027000
2324 , 0.032000
2325 , 0.027000
2326 , 0.029000
2327 , 0.028000
2328 , 0.027000
2329 , 0.028000
2330 , 0.027000
2331 , 0.027000
2332 , 0.029000
2333 , 0.028000
2334 , 0.027000
2335 , 0.027000
2336 , 0.035000
2337 , 0.027000
2338 , 0.027000
2339 , 0.031000
2340 , 0.027000
2341 , 0.031000
2342 , 0.027000
2343 , 0.029000
2344 , 0.027000
2345 , 0.030000
2346 , 0.027000
2347 , 0.029000
2348 , 0.027000
2349 , 0.027000
2350 , 0.029000
2351 , 0.027000
2352 , 0.027000
2353 , 0.028000
2354 , 0.028000
2355 , 0.028000
2356 , 0.027000
2357 , 0.034000
2358 , 0.028000
2359 , 0.028000
2360 , 0.026000
2361 , 0.027000
2362 , 0.029000
2363 , 0.028000
2364 , 0.029000
2365 , 0.028000
2366 , 0.033000
2367 , 0.027000
2368 , 0.029000
2369 , 0.027000
2370 , 0.040000
2371 , 0.028000
2372 , 0.028000
2373 , 0.027000
2374 , 0.027000
2375 , 0.030000
2376 , 0.028000
2377 , 0.028000
2378 , 0.027000
2379 , 0.026000
2380 , 0.032000
2381 , 0.028000
2382 , 0.028000
2383 , 0.028000
2384 , 0.027000
2385 , 0.028000
2386 , 0.028000
2387 , 0.028000
2388 , 0.028000
2389 , 0.028000
2390 , 0.029000
2391 , 0.028000
2392 , 0.028000
2393 , 0.028000
2394 , 0.027000
2395 , 0.028000
2396 , 0.029000
2397 , 0.028000
2398 , 0.030000
2399 , 0.028000
2400 , 0.030000
2401 , 0.028000
2402 , 0.030000
2403 , 0.028000
2404 , 0.032000
2405 , 0.028000
2406 , 0.031000
2407 , 0.028000
2408 , 0.031000
2409 , 0.028000
2410 , 0.030000
2411 , 0.029000
2412 , 0.031000
2413 , 0.028000
2414 , 0.029000
2415 , 0.027000
2416 , 0.030000
2417 , 0.028000
2418 , 0.030000
2419 , 0.028000
2420 , 0.030000
2421 , 0.028000
2422 , 0.030000
2423 , 0.029000
2424 , 0.030000
2425 , 0.028000
2426 , 0.031000
2427 , 0.028000
2428 , 0.030000
2429 , 0.028000
2430 , 0.031000
2431 , 0.028000
2432 , 0.031000
2433 , 0.028000
2434 , 0.030000
2435 , 0.028000
2436 , 0.030000
2437 , 0.028000
2438 , 0.029000
2439 , 0.029000
2440 , 0.031000
2441 , 0.028000
2442 , 0.030000
2443 , 0.028000
2444 , 0.031000
2445 , 0.028000
2446 , 0.030000
2447 , 0.028000
2448 , 0.029000
2449 , 0.028000
2450 , 0.031000
2451 , 0.029000
2452 , 0.030000
2453 , 0.028000
2454 , 0.030000
2455 , 0.028000
2456 , 0.030000
2457 , 0.029000
2458 , 0.030000
2459 , 0.028000
2460 , 0.030000
2461 , 0.029000
2462 , 0.029000
2463 , 0.029000
2464 , 0.029000
2465 , 0.028000
2466 , 0.031000
2467 , 0.028000
2468 , 0.031000
2469 , 0.029000
2470 , 0.029000
2471 , 0.029000
2472 , 0.030000
2473 , 0.028000
2474 , 0.031000
2475 , 0.029000
2476 , 0.032000
2477 , 0.029000
2478 , 0.029000
2479 , 0.028000
2480 , 0.031000
2481 , 0.029000
2482 , 0.030000
2483 , 0.028000
2484 , 0.028000
2485 , 0.029000
2486 , 0.029000
2487 , 0.028000
2488 , 0.028000
2489 , 0.028000
2490 , 0.029000
2491 , 0.028000
2492 , 0.028000
2493 , 0.029000
2494 , 0.028000
2495 , 0.042000
2496 , 0.039000
2497 , 0.030000
2498 , 0.029000
2499 , 0.028000
2500 , 0.031000
2501 , 0.029000
2502 , 0.030000
2503 , 0.028000
2504 , 0.034000
2505 , 0.029000
2506 , 0.028000
2507 , 0.029000
2508 , 0.030000
2509 , 0.028000
2510 , 0.030000
2511 , 0.030000
2512 , 0.042000
2513 , 0.044000
2514 , 0.030000
2515 , 0.035000
2516 , 0.036000
2517 , 0.041000
2518 , 0.030000
2519 , 0.027000
2520 , 0.036000
2521 , 0.031000
2522 , 0.029000
2523 , 0.038000
2524 , 0.033000
2525 , 0.034000
2526 , 0.036000
2527 , 0.038000
2528 , 0.035000
2529 , 0.034000
2530 , 0.037000
2531 , 0.032000
2532 , 0.035000
2533 , 0.029000
2534 , 0.028000
2535 , 0.031000
2536 , 0.042000
2537 , 0.042000
2538 , 0.044000
2539 , 0.043000
2540 , 0.040000
2541 , 0.044000
2542 , 0.034000
2543 , 0.028000
2544 , 0.030000
2545 , 0.027000
2546 , 0.027000
2547 , 0.027000
2548 , 0.028000
2549 , 0.027000
2550 , 0.027000
2551 , 0.028000
2552 , 0.027000
2553 , 0.028000
2554 , 0.034000
2555 , 0.033000
2556 , 0.028000
2557 , 0.027000
2558 , 0.028000
2559 , 0.027000
2560 , 0.027000
2561 , 0.027000
2562 , 0.028000
2563 , 0.027000
2564 , 0.027000
2565 , 0.028000
2566 , 0.027000
2567 , 0.030000
2568 , 0.028000
2569 , 0.029000
2570 , 0.028000
2571 , 0.031000
2572 , 0.028000
2573 , 0.030000
2574 , 0.028000
2575 , 0.027000
2576 , 0.027000
2577 , 0.029000
2578 , 0.028000
2579 , 0.030000
2580 , 0.028000
2581 , 0.030000
2582 , 0.028000
2583 , 0.028000
2584 , 0.028000
2585 , 0.026000
2586 , 0.027000
2587 , 0.027000
2588 , 0.028000
2589 , 0.027000
2590 , 0.027000
2591 , 0.028000
2592 , 0.027000
2593 , 0.028000
2594 , 0.027000
2595 , 0.028000
2596 , 0.030000
2597 , 0.027000
2598 , 0.029000
2599 , 0.028000
2600 , 0.029000
2601 , 0.052000
2602 , 0.043000
2603 , 0.037000
2604 , 0.036000
2605 , 0.027000
2606 , 0.038000
2607 , 0.027000
2608 , 0.027000
2609 , 0.027000
2610 , 0.027000
2611 , 0.029000
2612 , 0.026000
2613 , 0.029000
2614 , 0.026000
2615 , 0.029000
2616 , 0.027000
2617 , 0.035000
2618 , 0.027000
2619 , 0.028000
2620 , 0.027000
2621 , 0.027000
2622 , 0.035000
2623 , 0.037000
2624 , 0.038000
2625 , 0.030000
2626 , 0.030000
2627 , 0.031000
2628 , 0.030000
2629 , 0.031000
2630 , 0.030000
2631 , 0.035000
2632 , 0.030000
2633 , 0.032000
2634 , 0.042000
2635 , 0.031000
2636 , 0.030000
2637 , 0.031000
2638 , 0.030000
2639 , 0.030000
2640 , 0.030000
2641 , 0.030000
2642 , 0.030000
2643 , 0.030000
2644 , 0.031000
2645 , 0.029000
2646 , 0.032000
2647 , 0.030000
2648 , 0.031000
2649 , 0.030000
2650 , 0.033000
2651 , 0.038000
2652 , 0.037000
2653 , 0.030000
2654 , 0.028000
2655 , 0.029000
2656 , 0.029000
2657 , 0.029000
2658 , 0.030000
2659 , 0.029000
2660 , 0.030000
2661 , 0.029000
2662 , 0.029000
2663 , 0.029000
2664 , 0.030000
2665 , 0.029000
2666 , 0.029000
2667 , 0.030000
2668 , 0.029000
2669 , 0.029000
2670 , 0.029000
2671 , 0.030000
2672 , 0.029000
2673 , 0.030000
2674 , 0.029000
2675 , 0.029000
2676 , 0.029000
2677 , 0.030000
2678 , 0.030000
2679 , 0.029000
2680 , 0.029000
2681 , 0.029000
2682 , 0.029000
2683 , 0.031000
2684 , 0.030000
2685 , 0.033000
2686 , 0.030000
2687 , 0.032000
2688 , 0.039000
2689 , 0.031000
2690 , 0.030000
2691 , 0.031000
2692 , 0.031000
2693 , 0.031000
2694 , 0.032000
2695 , 0.047000
2696 , 0.031000
2697 , 0.032000
2698 , 0.031000
2699 , 0.031000
2700 , 0.031000
2701 , 0.032000
2702 , 0.032000
2703 , 0.030000
2704 , 0.031000
2705 , 0.030000
2706 , 0.031000
2707 , 0.031000
2708 , 0.030000
2709 , 0.030000
2710 , 0.038000
2711 , 0.031000
2712 , 0.030000
2713 , 0.029000
2714 , 0.030000
2715 , 0.030000
2716 , 0.030000
2717 , 0.030000
2718 , 0.032000
2719 , 0.030000
2720 , 0.031000
2721 , 0.031000
2722 , 0.033000
2723 , 0.038000
2724 , 0.031000
2725 , 0.030000
2726 , 0.030000
2727 , 0.029000
2728 , 0.030000
2729 , 0.032000
2730 , 0.030000
2731 , 0.029000
2732 , 0.030000
2733 , 0.030000
2734 , 0.030000
2735 , 0.031000
2736 , 0.030000
2737 , 0.031000
2738 , 0.030000
2739 , 0.032000
2740 , 0.030000
2741 , 0.031000
2742 , 0.030000
2743 , 0.031000
2744 , 0.038000
2745 , 0.030000
2746 , 0.031000
2747 , 0.031000
2748 , 0.030000
2749 , 0.030000
2750 , 0.031000
2751 , 0.036000
2752 , 0.032000
2753 , 0.029000
2754 , 0.032000
2755 , 0.030000
2756 , 0.030000
2757 , 0.031000
2758 , 0.031000
2759 , 0.030000
2760 , 0.030000
2761 , 0.030000
2762 , 0.031000
2763 , 0.030000
2764 , 0.031000
2765 , 0.030000
2766 , 0.031000
2767 , 0.030000
2768 , 0.030000
2769 , 0.033000
2770 , 0.030000
2771 , 0.030000
2772 , 0.030000
2773 , 0.032000
2774 , 0.039000
2775 , 0.031000
2776 , 0.030000
2777 , 0.030000
2778 , 0.030000
2779 , 0.031000
2780 , 0.029000
2781 , 0.030000
2782 , 0.030000
2783 , 0.031000
2784 , 0.032000
2785 , 0.029000
2786 , 0.033000
2787 , 0.030000
2788 , 0.031000
2789 , 0.030000
2790 , 0.033000
2791 , 0.030000
2792 , 0.030000
2793 , 0.030000
2794 , 0.031000
2795 , 0.030000
2796 , 0.029000
2797 , 0.030000
2798 , 0.030000
2799 , 0.030000
2800 , 0.030000
2801 , 0.030000
2802 , 0.030000
2803 , 0.031000
2804 , 0.032000
2805 , 0.035000
2806 , 0.030000
2807 , 0.031000
2808 , 0.031000
2809 , 0.032000
2810 , 0.031000
2811 , 0.030000
2812 , 0.031000
2813 , 0.030000
2814 , 0.030000
2815 , 0.031000
2816 , 0.031000
2817 , 0.031000
2818 , 0.033000
2819 , 0.031000
2820 , 0.032000
2821 , 0.030000
2822 , 0.033000
2823 , 0.054000
2824 , 0.031000
