1 , 0.322000
2 , 0.116000
3 , 0.127000
4 , 0.146000
5 , 0.102000
6 , 0.096000
7 , 0.094000
8 , 0.120000
9 , 0.161000
10 , 0.157000
11 , 0.252000
12 , 0.214000
13 , 0.164000
14 , 0.145000
15 , 0.079000
16 , 0.106000
17 , 0.075000
18 , 0.074000
19 , 0.074000
20 , 0.074000
21 , 0.073000
22 , 0.074000
23 , 0.073000
24 , 0.075000
25 , 0.074000
26 , 0.073000
27 , 0.075000
28 , 0.074000
29 , 0.075000
30 , 0.073000
31 , 0.073000
32 , 0.098000
33 , 0.077000
34 , 0.084000
35 , 0.100000
36 , 0.077000
37 , 0.075000
38 , 0.076000
39 , 0.078000
40 , 0.076000
41 , 0.074000
42 , 0.083000
43 , 0.039000
44 , 0.037000
45 , 0.039000
46 , 0.037000
47 , 0.037000
48 , 0.040000
49 , 0.036000
50 , 0.040000
51 , 0.040000
52 , 0.038000
53 , 0.040000
54 , 0.040000
55 , 0.040000
56 , 0.038000
57 , 0.041000
58 , 0.037000
59 , 0.039000
60 , 0.039000
61 , 0.036000
62 , 0.038000
63 , 0.040000
64 , 0.038000
65 , 0.038000
66 , 0.037000
67 , 0.038000
68 , 0.038000
69 , 0.036000
70 , 0.039000
71 , 0.040000
72 , 0.037000
73 , 0.038000
74 , 0.036000
75 , 0.038000
76 , 0.040000
77 , 0.036000
78 , 0.039000
79 , 0.040000
80 , 0.037000
81 , 0.041000
82 , 0.051000
83 , 0.037000
84 , 0.041000
85 , 0.040000
86 , 0.037000
87 , 0.038000
88 , 0.036000
89 , 0.037000
90 , 0.039000
91 , 0.037000
92 , 0.040000
93 , 0.039000
94 , 0.037000
95 , 0.039000
96 , 0.040000
97 , 0.036000
98 , 0.037000
99 , 0.037000
100 , 0.058000
101 , 0.042000
102 , 0.050000
103 , 0.048000
104 , 0.057000
105 , 0.049000
106 , 0.036000
107 , 0.048000
108 , 0.049000
109 , 0.044000
110 , 0.061000
111 , 0.052000
112 , 0.047000
113 , 0.041000
114 , 0.040000
115 , 0.038000
116 , 0.040000
117 , 0.036000
118 , 0.039000
119 , 0.043000
120 , 0.037000
121 , 0.058000
122 , 0.030000
123 , 0.030000
124 , 0.031000
125 , 0.031000
126 , 0.029000
127 , 0.030000
128 , 0.031000
129 , 0.030000
130 , 0.030000
131 , 0.029000
132 , 0.030000
133 , 0.030000
134 , 0.030000
135 , 0.030000
136 , 0.030000
137 , 0.030000
138 , 0.030000
139 , 0.031000
140 , 0.030000
141 , 0.030000
142 , 0.030000
143 , 0.030000
144 , 0.029000
145 , 0.030000
146 , 0.030000
147 , 0.031000
148 , 0.031000
149 , 0.030000
150 , 0.030000
151 , 0.030000
152 , 0.032000
153 , 0.031000
154 , 0.030000
155 , 0.030000
156 , 0.030000
157 , 0.031000
158 , 0.030000
159 , 0.031000
160 , 0.030000
161 , 0.036000
162 , 0.027000
163 , 0.027000
164 , 0.026000
165 , 0.027000
166 , 0.028000
167 , 0.027000
168 , 0.027000
169 , 0.026000
170 , 0.028000
171 , 0.026000
172 , 0.026000
173 , 0.027000
174 , 0.027000
175 , 0.028000
176 , 0.026000
177 , 0.027000
178 , 0.027000
179 , 0.028000
180 , 0.027000
181 , 0.027000
182 , 0.026000
183 , 0.027000
184 , 0.028000
185 , 0.027000
186 , 0.026000
187 , 0.026000
188 , 0.028000
189 , 0.027000
190 , 0.027000
191 , 0.026000
192 , 0.027000
193 , 0.030000
194 , 0.027000
195 , 0.027000
196 , 0.027000
197 , 0.029000
198 , 0.027000
199 , 0.027000
200 , 0.027000
201 , 0.027000
202 , 0.028000
203 , 0.027000
204 , 0.027000
205 , 0.027000
206 , 0.028000
207 , 0.027000
208 , 0.027000
209 , 0.027000
210 , 0.027000
211 , 0.027000
212 , 0.027000
213 , 0.027000
214 , 0.026000
215 , 0.027000
216 , 0.027000
217 , 0.026000
218 , 0.027000
219 , 0.027000
220 , 0.028000
221 , 0.027000
222 , 0.027000
223 , 0.027000
224 , 0.029000
225 , 0.025000
226 , 0.032000
227 , 0.035000
228 , 0.051000
229 , 0.048000
230 , 0.035000
231 , 0.030000
232 , 0.030000
233 , 0.040000
234 , 0.033000
235 , 0.031000
236 , 0.030000
237 , 0.030000
238 , 0.029000
239 , 0.029000
240 , 0.041000
241 , 0.022000
242 , 0.028000
243 , 0.027000
244 , 0.026000
245 , 0.027000
246 , 0.027000
247 , 0.028000
248 , 0.027000
249 , 0.027000
250 , 0.028000
251 , 0.026000
252 , 0.027000
253 , 0.027000
254 , 0.026000
255 , 0.026000
256 , 0.029000
257 , 0.027000
258 , 0.026000
259 , 0.027000
260 , 0.028000
261 , 0.028000
262 , 0.027000
263 , 0.028000
264 , 0.027000
265 , 0.027000
266 , 0.027000
267 , 0.027000
268 , 0.028000
269 , 0.027000
270 , 0.028000
271 , 0.027000
272 , 0.027000
273 , 0.026000
274 , 0.028000
275 , 0.027000
276 , 0.027000
277 , 0.027000
278 , 0.027000
279 , 0.029000
280 , 0.027000
281 , 0.027000
282 , 0.036000
283 , 0.035000
284 , 0.028000
285 , 0.029000
286 , 0.027000
287 , 0.027000
288 , 0.028000
289 , 0.028000
290 , 0.027000
291 , 0.026000
292 , 0.028000
293 , 0.026000
294 , 0.028000
295 , 0.027000
296 , 0.027000
297 , 0.027000
298 , 0.028000
299 , 0.026000
300 , 0.027000
301 , 0.027000
302 , 0.027000
303 , 0.027000
304 , 0.027000
305 , 0.026000
306 , 0.027000
307 , 0.027000
308 , 0.027000
309 , 0.026000
310 , 0.027000
311 , 0.027000
312 , 0.027000
313 , 0.027000
314 , 0.027000
315 , 0.026000
316 , 0.027000
317 , 0.027000
318 , 0.026000
319 , 0.036000
320 , 0.027000
321 , 0.028000
322 , 0.028000
323 , 0.027000
324 , 0.028000
325 , 0.028000
326 , 0.027000
327 , 0.027000
328 , 0.029000
329 , 0.027000
330 , 0.028000
331 , 0.027000
332 , 0.028000
333 , 0.027000
334 , 0.028000
335 , 0.028000
336 , 0.027000
337 , 0.027000
338 , 0.028000
339 , 0.028000
340 , 0.027000
341 , 0.028000
342 , 0.028000
343 , 0.028000
344 , 0.028000
345 , 0.027000
346 , 0.027000
347 , 0.027000
348 , 0.028000
349 , 0.028000
350 , 0.028000
351 , 0.027000
352 , 0.037000
353 , 0.029000
354 , 0.028000
355 , 0.029000
356 , 0.028000
357 , 0.030000
358 , 0.029000
359 , 0.029000
360 , 0.029000
361 , 0.029000
362 , 0.029000
363 , 0.029000
364 , 0.029000
365 , 0.028000
366 , 0.029000
367 , 0.028000
368 , 0.049000
369 , 0.030000
370 , 0.030000
371 , 0.029000
372 , 0.028000
373 , 0.028000
374 , 0.030000
375 , 0.029000
376 , 0.029000
377 , 0.028000
378 , 0.028000
379 , 0.029000
380 , 0.029000
381 , 0.028000
382 , 0.031000
383 , 0.028000
384 , 0.049000
385 , 0.032000
386 , 0.029000
387 , 0.033000
388 , 0.030000
389 , 0.030000
390 , 0.044000
391 , 0.030000
392 , 0.029000
393 , 0.036000
394 , 0.030000
395 , 0.029000
396 , 0.035000
397 , 0.031000
398 , 0.030000
399 , 0.042000
400 , 0.030000
401 , 0.031000
402 , 0.040000
403 , 0.030000
404 , 0.033000
405 , 0.039000
406 , 0.030000
407 , 0.030000
408 , 0.029000
409 , 0.030000
410 , 0.030000
411 , 0.036000
412 , 0.030000
413 , 0.030000
414 , 0.030000
415 , 0.031000
416 , 0.030000
417 , 0.030000
418 , 0.030000
419 , 0.030000
420 , 0.032000
421 , 0.030000
422 , 0.030000
423 , 0.030000
424 , 0.031000
425 , 0.029000
426 , 0.029000
427 , 0.031000
428 , 0.030000
429 , 0.030000
430 , 0.029000
431 , 0.030000
432 , 0.030000
433 , 0.030000
434 , 0.029000
435 , 0.030000
436 , 0.029000
437 , 0.031000
438 , 0.031000
439 , 0.030000
440 , 0.031000
441 , 0.030000
442 , 0.031000
443 , 0.030000
444 , 0.030000
445 , 0.031000
446 , 0.029000
447 , 0.031000
448 , 0.029000
449 , 0.030000
450 , 0.030000
451 , 0.032000
452 , 0.031000
453 , 0.031000
454 , 0.030000
455 , 0.030000
456 , 0.031000
457 , 0.029000
458 , 0.029000
459 , 0.030000
460 , 0.031000
461 , 0.030000
462 , 0.030000
463 , 0.030000
464 , 0.031000
465 , 0.031000
466 , 0.029000
467 , 0.029000
468 , 0.029000
469 , 0.031000
470 , 0.030000
471 , 0.030000
472 , 0.030000
473 , 0.030000
474 , 0.030000
475 , 0.027000
476 , 0.027000
477 , 0.028000
478 , 0.028000
479 , 0.028000
480 , 0.027000
481 , 0.031000
482 , 0.029000
483 , 0.030000
484 , 0.031000
485 , 0.027000
486 , 0.028000
487 , 0.029000
488 , 0.108000
489 , 0.037000
490 , 0.030000
491 , 0.030000
492 , 0.033000
493 , 0.029000
494 , 0.030000
495 , 0.028000
496 , 0.031000
497 , 0.031000
498 , 0.028000
499 , 0.028000
500 , 0.028000
501 , 0.029000
502 , 0.037000
503 , 0.027000
504 , 0.029000
505 , 0.038000
506 , 0.026000
507 , 0.027000
508 , 0.027000
509 , 0.030000
510 , 0.031000
511 , 0.028000
512 , 0.027000
513 , 0.027000
514 , 0.027000
515 , 0.030000
516 , 0.029000
517 , 0.028000
518 , 0.027000
519 , 0.027000
520 , 0.029000
521 , 0.030000
522 , 0.027000
523 , 0.026000
524 , 0.027000
525 , 0.030000
526 , 0.030000
527 , 0.027000
528 , 0.027000
529 , 0.028000
530 , 0.031000
531 , 0.031000
532 , 0.027000
533 , 0.028000
534 , 0.032000
535 , 0.027000
536 , 0.030000
537 , 0.027000
538 , 0.026000
539 , 0.028000
540 , 0.027000
541 , 0.030000
542 , 0.027000
543 , 0.031000
544 , 0.027000
545 , 0.031000
546 , 0.033000
547 , 0.045000
548 , 0.035000
549 , 0.030000
550 , 0.024000
551 , 0.031000
552 , 0.028000
553 , 0.030000
554 , 0.030000
555 , 0.018000
556 , 0.028000
557 , 0.031000
558 , 0.028000
559 , 0.027000
560 , 0.026000
561 , 0.028000
562 , 0.030000
563 , 0.030000
564 , 0.027000
565 , 0.027000
566 , 0.027000
567 , 0.030000
568 , 0.030000
569 , 0.027000
570 , 0.027000
571 , 0.027000
572 , 0.029000
573 , 0.029000
574 , 0.027000
575 , 0.027000
576 , 0.027000
577 , 0.027000
578 , 0.032000
579 , 0.037000
580 , 0.027000
581 , 0.028000
582 , 0.027000
583 , 0.029000
584 , 0.031000
585 , 0.024000
586 , 0.023000
587 , 0.023000
588 , 0.027000
589 , 0.025000
590 , 0.027000
591 , 0.034000
592 , 0.029000
593 , 0.028000
594 , 0.028000
595 , 0.029000
596 , 0.023000
597 , 0.025000
598 , 0.053000
599 , 0.024000
600 , 0.024000
601 , 0.025000
602 , 0.031000
603 , 0.025000
604 , 0.026000
605 , 0.026000
606 , 0.025000
607 , 0.024000
608 , 0.028000
609 , 0.031000
610 , 0.024000
611 , 0.025000
612 , 0.024000
613 , 0.024000
614 , 0.026000
615 , 0.025000
616 , 0.026000
617 , 0.024000
618 , 0.023000
619 , 0.023000
620 , 0.025000
621 , 0.040000
622 , 0.076000
623 , 0.084000
624 , 0.070000
625 , 0.070000
626 , 0.085000
627 , 0.080000
628 , 0.084000
629 , 0.065000
630 , 0.116000
631 , 0.098000
632 , 0.076000
633 , 0.075000
634 , 0.072000
635 , 0.077000
636 , 0.074000
637 , 0.076000
638 , 0.075000
639 , 0.078000
640 , 0.072000
641 , 0.076000
642 , 0.079000
643 , 0.076000
644 , 0.051000
645 , 0.026000
646 , 0.026000
647 , 0.034000
648 , 0.033000
649 , 0.026000
650 , 0.026000
651 , 0.026000
652 , 0.026000
653 , 0.027000
654 , 0.027000
655 , 0.026000
656 , 0.026000
657 , 0.026000
658 , 0.026000
659 , 0.032000
660 , 0.027000
661 , 0.026000
662 , 0.027000
663 , 0.027000
664 , 0.028000
665 , 0.027000
666 , 0.027000
667 , 0.027000
668 , 0.034000
669 , 0.027000
670 , 0.027000
671 , 0.027000
672 , 0.027000
673 , 0.027000
674 , 0.034000
675 , 0.026000
676 , 0.027000
677 , 0.026000
678 , 0.028000
679 , 0.026000
680 , 0.027000
681 , 0.027000
682 , 0.027000
683 , 0.026000
684 , 0.027000
685 , 0.027000
686 , 0.027000
687 , 0.027000
688 , 0.027000
689 , 0.027000
690 , 0.027000
691 , 0.028000
692 , 0.027000
693 , 0.027000
694 , 0.027000
695 , 0.026000
696 , 0.047000
697 , 0.029000
698 , 0.028000
699 , 0.027000
700 , 0.027000
701 , 0.027000
702 , 0.026000
703 , 0.027000
704 , 0.028000
705 , 0.031000
706 , 0.027000
707 , 0.027000
708 , 0.034000
709 , 0.026000
710 , 0.026000
711 , 0.026000
712 , 0.026000
713 , 0.026000
714 , 0.026000
715 , 0.027000
716 , 0.027000
717 , 0.027000
718 , 0.027000
719 , 0.027000
720 , 0.028000
721 , 0.026000
722 , 0.027000
723 , 0.032000
724 , 0.037000
725 , 0.028000
726 , 0.027000
727 , 0.027000
728 , 0.027000
729 , 0.027000
730 , 0.027000
731 , 0.027000
732 , 0.026000
733 , 0.026000
734 , 0.027000
735 , 0.027000
736 , 0.027000
737 , 0.026000
738 , 0.026000
739 , 0.027000
740 , 0.027000
741 , 0.027000
742 , 0.027000
743 , 0.027000
744 , 0.027000
745 , 0.027000
746 , 0.027000
747 , 0.027000
748 , 0.028000
749 , 0.027000
750 , 0.027000
751 , 0.027000
752 , 0.027000
753 , 0.027000
754 , 0.043000
755 , 0.028000
756 , 0.028000
757 , 0.028000
758 , 0.028000
759 , 0.028000
760 , 0.028000
761 , 0.028000
762 , 0.028000
763 , 0.028000
764 , 0.028000
765 , 0.027000
766 , 0.028000
767 , 0.028000
768 , 0.029000
769 , 0.028000
770 , 0.028000
771 , 0.028000
772 , 0.028000
773 , 0.028000
774 , 0.027000
775 , 0.027000
776 , 0.027000
777 , 0.030000
778 , 0.028000
779 , 0.028000
780 , 0.029000
781 , 0.028000
782 , 0.028000
783 , 0.027000
784 , 0.028000
785 , 0.029000
786 , 0.028000
787 , 0.028000
788 , 0.028000
789 , 0.028000
790 , 0.028000
791 , 0.028000
792 , 0.027000
793 , 0.029000
794 , 0.028000
795 , 0.027000
796 , 0.027000
797 , 0.027000
798 , 0.029000
799 , 0.027000
800 , 0.028000
801 , 0.028000
802 , 0.028000
803 , 0.028000
804 , 0.028000
805 , 0.028000
806 , 0.027000
807 , 0.028000
808 , 0.028000
809 , 0.027000
810 , 0.028000
811 , 0.028000
812 , 0.028000
813 , 0.028000
814 , 0.028000
815 , 0.029000
816 , 0.028000
817 , 0.028000
818 , 0.028000
819 , 0.028000
820 , 0.029000
821 , 0.030000
822 , 0.027000
823 , 0.027000
824 , 0.028000
825 , 0.105000
826 , 0.040000
827 , 0.029000
828 , 0.027000
829 , 0.028000
830 , 0.028000
831 , 0.034000
832 , 0.027000
833 , 0.026000
834 , 0.027000
835 , 0.026000
836 , 0.025000
837 , 0.026000
838 , 0.026000
839 , 0.033000
840 , 0.026000
841 , 0.027000
842 , 0.027000
843 , 0.026000
844 , 0.027000
845 , 0.027000
846 , 0.027000
847 , 0.027000
848 , 0.027000
849 , 0.026000
850 , 0.026000
851 , 0.026000
852 , 0.026000
853 , 0.029000
854 , 0.029000
855 , 0.026000
856 , 0.028000
857 , 0.030000
858 , 0.038000
859 , 0.028000
860 , 0.028000
861 , 0.028000
862 , 0.029000
863 , 0.029000
864 , 0.027000
865 , 0.027000
866 , 0.029000
867 , 0.030000
868 , 0.029000
869 , 0.026000
870 , 0.028000
871 , 0.027000
872 , 0.027000
873 , 0.029000
874 , 0.029000
875 , 0.027000
876 , 0.027000
877 , 0.026000
878 , 0.027000
879 , 0.032000
880 , 0.029000
881 , 0.027000
882 , 0.028000
883 , 0.032000
884 , 0.031000
885 , 0.028000
886 , 0.027000
887 , 0.026000
888 , 0.028000
889 , 0.027000
890 , 0.028000
891 , 0.027000
892 , 0.027000
893 , 0.027000
894 , 0.028000
895 , 0.027000
896 , 0.028000
897 , 0.027000
898 , 0.027000
899 , 0.027000
900 , 0.028000
901 , 0.027000
902 , 0.027000
903 , 0.027000
904 , 0.027000
905 , 0.029000
906 , 0.027000
907 , 0.028000
908 , 0.027000
909 , 0.027000
910 , 0.027000
911 , 0.027000
912 , 0.027000
913 , 0.028000
914 , 0.027000
915 , 0.028000
916 , 0.027000
917 , 0.028000
918 , 0.027000
919 , 0.027000
920 , 0.027000
921 , 0.027000
922 , 0.028000
923 , 0.027000
924 , 0.028000
925 , 0.027000
926 , 0.028000
927 , 0.027000
928 , 0.028000
929 , 0.027000
930 , 0.028000
931 , 0.027000
932 , 0.027000
933 , 0.028000
934 , 0.027000
935 , 0.029000
936 , 0.027000
937 , 0.028000
938 , 0.027000
939 , 0.028000
940 , 0.028000
941 , 0.027000
942 , 0.027000
943 , 0.027000
944 , 0.027000
945 , 0.028000
946 , 0.027000
947 , 0.028000
948 , 0.053000
949 , 0.031000
950 , 0.027000
951 , 0.027000
952 , 0.027000
953 , 0.028000
954 , 0.027000
955 , 0.028000
956 , 0.027000
957 , 0.028000
958 , 0.027000
959 , 0.027000
960 , 0.027000
961 , 0.027000
962 , 0.031000
963 , 0.032000
964 , 0.030000
965 , 0.029000
966 , 0.028000
967 , 0.030000
968 , 0.028000
969 , 0.028000
970 , 0.027000
971 , 0.027000
972 , 0.028000
973 , 0.027000
974 , 0.029000
975 , 0.027000
976 , 0.028000
977 , 0.028000
978 , 0.027000
979 , 0.028000
980 , 0.027000
981 , 0.027000
982 , 0.027000
983 , 0.028000
984 , 0.027000
985 , 0.029000
986 , 0.027000
987 , 0.028000
988 , 0.028000
989 , 0.027000
990 , 0.027000
991 , 0.028000
992 , 0.027000
993 , 0.027000
994 , 0.027000
995 , 0.035000
996 , 0.027000
997 , 0.027000
998 , 0.029000
999 , 0.028000
1000 , 0.029000
1001 , 0.027000
1002 , 0.031000
1003 , 0.028000
1004 , 0.030000
1005 , 0.027000
1006 , 0.028000
1007 , 0.027000
1008 , 0.027000
1009 , 0.028000
1010 , 0.036000
1011 , 0.035000
1012 , 0.026000
1013 , 0.034000
1014 , 0.027000
1015 , 0.028000
1016 , 0.037000
1017 , 0.027000
1018 , 0.027000
1019 , 0.026000
1020 , 0.026000
1021 , 0.026000
1022 , 0.026000
1023 , 0.027000
1024 , 0.027000
1025 , 0.027000
1026 , 0.026000
1027 , 0.031000
1028 , 0.034000
1029 , 0.030000
1030 , 0.026000
1031 , 0.029000
1032 , 0.027000
1033 , 0.029000
1034 , 0.027000
1035 , 0.031000
1036 , 0.027000
1037 , 0.027000
1038 , 0.026000
1039 , 0.029000
1040 , 0.027000
1041 , 0.027000
1042 , 0.034000
1043 , 0.030000
1044 , 0.028000
1045 , 0.031000
1046 , 0.027000
1047 , 0.030000
1048 , 0.028000
1049 , 0.032000
1050 , 0.027000
1051 , 0.030000
1052 , 0.028000
1053 , 0.029000
1054 , 0.027000
1055 , 0.029000
1056 , 0.027000
1057 , 0.030000
1058 , 0.028000
1059 , 0.027000
1060 , 0.028000
1061 , 0.030000
1062 , 0.028000
1063 , 0.027000
1064 , 0.027000
1065 , 0.027000
1066 , 0.029000
1067 , 0.035000
1068 , 0.027000
1069 , 0.027000
1070 , 0.029000
1071 , 0.028000
1072 , 0.030000
1073 , 0.028000
1074 , 0.029000
1075 , 0.028000
1076 , 0.027000
1077 , 0.027000
1078 , 0.034000
1079 , 0.039000
1080 , 0.030000
1081 , 0.027000
1082 , 0.030000
1083 , 0.027000
1084 , 0.027000
1085 , 0.028000
1086 , 0.027000
1087 , 0.027000
1088 , 0.027000
1089 , 0.028000
1090 , 0.028000
1091 , 0.027000
1092 , 0.035000
1093 , 0.026000
1094 , 0.027000
1095 , 0.032000
1096 , 0.027000
1097 , 0.029000
1098 , 0.026000
1099 , 0.030000
1100 , 0.027000
1101 , 0.030000
1102 , 0.027000
1103 , 0.028000
1104 , 0.027000
1105 , 0.028000
1106 , 0.027000
1107 , 0.026000
1108 , 0.028000
1109 , 0.027000
1110 , 0.027000
1111 , 0.035000
1112 , 0.026000
1113 , 0.027000
1114 , 0.030000
1115 , 0.027000
1116 , 0.030000
1117 , 0.028000
1118 , 0.027000
1119 , 0.027000
1120 , 0.030000
1121 , 0.028000
1122 , 0.029000
1123 , 0.026000
1124 , 0.028000
1125 , 0.028000
1126 , 0.027000
1127 , 0.027000
1128 , 0.029000
1129 , 0.028000
1130 , 0.027000
1131 , 0.028000
1132 , 0.028000
1133 , 0.027000
1134 , 0.027000
1135 , 0.029000
1136 , 0.028000
1137 , 0.030000
1138 , 0.028000
1139 , 0.030000
1140 , 0.028000
1141 , 0.029000
1142 , 0.028000
1143 , 0.029000
1144 , 0.027000
1145 , 0.031000
1146 , 0.027000
1147 , 0.030000
1148 , 0.028000
1149 , 0.028000
1150 , 0.028000
1151 , 0.026000
1152 , 0.027000
1153 , 0.027000
1154 , 0.027000
1155 , 0.027000
1156 , 0.028000
1157 , 0.026000
1158 , 0.027000
1159 , 0.027000
1160 , 0.027000
1161 , 0.027000
1162 , 0.029000
1163 , 0.028000
1164 , 0.027000
1165 , 0.027000
1166 , 0.027000
1167 , 0.027000
1168 , 0.030000
1169 , 0.027000
1170 , 0.028000
1171 , 0.026000
1172 , 0.029000
1173 , 0.027000
1174 , 0.029000
1175 , 0.031000
1176 , 0.027000
1177 , 0.031000
1178 , 0.028000
1179 , 0.028000
1180 , 0.029000
1181 , 0.030000
1182 , 0.028000
1183 , 0.032000
1184 , 0.030000
1185 , 0.030000
1186 , 0.028000
1187 , 0.029000
1188 , 0.029000
1189 , 0.030000
1190 , 0.027000
1191 , 0.028000
1192 , 0.027000
1193 , 0.027000
1194 , 0.027000
1195 , 0.027000
1196 , 0.028000
1197 , 0.043000
1198 , 0.029000
1199 , 0.028000
1200 , 0.028000
1201 , 0.028000
1202 , 0.028000
1203 , 0.028000
1204 , 0.028000
1205 , 0.027000
1206 , 0.028000
1207 , 0.028000
1208 , 0.027000
1209 , 0.028000
1210 , 0.028000
1211 , 0.027000
1212 , 0.031000
1213 , 0.028000
1214 , 0.030000
1215 , 0.028000
1216 , 0.030000
1217 , 0.028000
1218 , 0.030000
1219 , 0.027000
1220 , 0.029000
1221 , 0.028000
1222 , 0.028000
1223 , 0.028000
1224 , 0.030000
1225 , 0.028000
1226 , 0.030000
1227 , 0.031000
1228 , 0.036000
1229 , 0.032000
1230 , 0.028000
1231 , 0.027000
1232 , 0.028000
1233 , 0.027000
1234 , 0.028000
1235 , 0.027000
1236 , 0.029000
1237 , 0.027000
1238 , 0.030000
1239 , 0.027000
1240 , 0.029000
1241 , 0.028000
1242 , 0.029000
1243 , 0.027000
1244 , 0.029000
1245 , 0.027000
1246 , 0.039000
1247 , 0.029000
1248 , 0.031000
1249 , 0.027000
1250 , 0.029000
1251 , 0.028000
1252 , 0.029000
1253 , 0.027000
1254 , 0.028000
1255 , 0.027000
1256 , 0.033000
1257 , 0.027000
1258 , 0.029000
1259 , 0.027000
1260 , 0.033000
1261 , 0.027000
1262 , 0.028000
1263 , 0.027000
1264 , 0.028000
1265 , 0.028000
1266 , 0.027000
1267 , 0.028000
1268 , 0.028000
1269 , 0.027000
1270 , 0.027000
1271 , 0.027000
1272 , 0.028000
1273 , 0.027000
1274 , 0.035000
1275 , 0.027000
1276 , 0.029000
1277 , 0.026000
1278 , 0.027000
1279 , 0.030000
1280 , 0.027000
1281 , 0.030000
1282 , 0.026000
1283 , 0.028000
1284 , 0.026000
1285 , 0.031000
1286 , 0.027000
1287 , 0.029000
1288 , 0.027000
1289 , 0.030000
1290 , 0.027000
1291 , 0.029000
1292 , 0.027000
1293 , 0.029000
1294 , 0.027000
1295 , 0.027000
1296 , 0.027000
1297 , 0.026000
1298 , 0.027000
1299 , 0.028000
1300 , 0.042000
1301 , 0.028000
1302 , 0.028000
1303 , 0.029000
1304 , 0.028000
1305 , 0.027000
1306 , 0.028000
1307 , 0.028000
1308 , 0.028000
1309 , 0.028000
1310 , 0.028000
1311 , 0.035000
1312 , 0.029000
1313 , 0.027000
1314 , 0.028000
1315 , 0.028000
1316 , 0.028000
1317 , 0.029000
1318 , 0.028000
1319 , 0.027000
1320 , 0.030000
1321 , 0.028000
1322 , 0.030000
1323 , 0.028000
1324 , 0.030000
1325 , 0.027000
1326 , 0.048000
1327 , 0.031000
1328 , 0.028000
1329 , 0.029000
1330 , 0.029000
1331 , 0.027000
1332 , 0.029000
1333 , 0.027000
1334 , 0.028000
1335 , 0.028000
1336 , 0.028000
1337 , 0.028000
1338 , 0.027000
1339 , 0.028000
1340 , 0.027000
1341 , 0.028000
1342 , 0.028000
1343 , 0.027000
1344 , 0.030000
1345 , 0.028000
1346 , 0.031000
1347 , 0.027000
1348 , 0.028000
1349 , 0.027000
1350 , 0.030000
1351 , 0.027000
1352 , 0.029000
1353 , 0.027000
1354 , 0.028000
1355 , 0.027000
1356 , 0.028000
1357 , 0.028000
1358 , 0.028000
1359 , 0.027000
1360 , 0.027000
1361 , 0.029000
1362 , 0.027000
1363 , 0.038000
1364 , 0.030000
1365 , 0.031000
1366 , 0.030000
1367 , 0.030000
1368 , 0.029000
1369 , 0.029000
1370 , 0.031000
1371 , 0.031000
1372 , 0.029000
1373 , 0.031000
1374 , 0.031000
1375 , 0.032000
1376 , 0.031000
1377 , 0.029000
1378 , 0.030000
1379 , 0.031000
1380 , 0.029000
1381 , 0.030000
1382 , 0.029000
1383 , 0.031000
1384 , 0.030000
1385 , 0.030000
1386 , 0.031000
1387 , 0.030000
1388 , 0.034000
1389 , 0.030000
1390 , 0.030000
1391 , 0.029000
1392 , 0.033000
1393 , 0.030000
1394 , 0.030000
1395 , 0.030000
1396 , 0.030000
1397 , 0.031000
1398 , 0.031000
1399 , 0.032000
1400 , 0.030000
1401 , 0.031000
1402 , 0.030000
1403 , 0.033000
1404 , 0.039000
1405 , 0.030000
1406 , 0.031000
1407 , 0.031000
1408 , 0.031000
1409 , 0.030000
1410 , 0.032000
1411 , 0.030000
1412 , 0.033000
1413 , 0.030000
1414 , 0.030000
1415 , 0.039000
1416 , 0.030000
1417 , 0.030000
1418 , 0.030000
1419 , 0.031000
1420 , 0.030000
1421 , 0.030000
1422 , 0.030000
1423 , 0.037000
1424 , 0.029000
1425 , 0.028000
1426 , 0.028000
1427 , 0.027000
1428 , 0.028000
1429 , 0.028000
1430 , 0.028000
1431 , 0.027000
1432 , 0.028000
1433 , 0.029000
1434 , 0.028000
1435 , 0.028000
1436 , 0.028000
1437 , 0.028000
1438 , 0.028000
1439 , 0.028000
1440 , 0.027000
1441 , 0.027000
1442 , 0.030000
1443 , 0.027000
1444 , 0.030000
1445 , 0.028000
1446 , 0.037000
1447 , 0.037000
1448 , 0.028000
1449 , 0.030000
1450 , 0.028000
1451 , 0.032000
1452 , 0.028000
1453 , 0.030000
1454 , 0.027000
1455 , 0.039000
1456 , 0.027000
1457 , 0.030000
1458 , 0.027000
1459 , 0.028000
1460 , 0.032000
1461 , 0.029000
1462 , 0.027000
1463 , 0.027000
1464 , 0.027000
1465 , 0.029000
1466 , 0.028000
1467 , 0.028000
1468 , 0.027000
1469 , 0.028000
1470 , 0.027000
1471 , 0.026000
1472 , 0.027000
1473 , 0.027000
1474 , 0.027000
1475 , 0.026000
1476 , 0.026000
1477 , 0.032000
1478 , 0.027000
1479 , 0.027000
1480 , 0.048000
1481 , 0.040000
1482 , 0.028000
1483 , 0.033000
1484 , 0.028000
1485 , 0.026000
1486 , 0.026000
1487 , 0.027000
1488 , 0.026000
1489 , 0.026000
1490 , 0.028000
1491 , 0.027000
1492 , 0.026000
1493 , 0.027000
1494 , 0.026000
1495 , 0.026000
1496 , 0.028000
1497 , 0.027000
1498 , 0.027000
1499 , 0.027000
1500 , 0.029000
1501 , 0.028000
1502 , 0.027000
1503 , 0.027000
1504 , 0.027000
1505 , 0.028000
1506 , 0.027000
1507 , 0.027000
1508 , 0.027000
1509 , 0.028000
1510 , 0.035000
1511 , 0.026000
1512 , 0.027000
1513 , 0.030000
1514 , 0.028000
1515 , 0.029000
1516 , 0.027000
1517 , 0.026000
1518 , 0.028000
1519 , 0.032000
1520 , 0.027000
1521 , 0.026000
1522 , 0.026000
1523 , 0.028000
1524 , 0.026000
1525 , 0.027000
1526 , 0.027000
1527 , 0.029000
1528 , 0.027000
1529 , 0.035000
1530 , 0.027000
1531 , 0.027000
1532 , 0.031000
1533 , 0.027000
1534 , 0.029000
1535 , 0.027000
1536 , 0.030000
1537 , 0.027000
1538 , 0.029000
1539 , 0.026000
1540 , 0.030000
1541 , 0.027000
1542 , 0.028000
1543 , 0.027000
1544 , 0.026000
1545 , 0.028000
1546 , 0.026000
1547 , 0.027000
1548 , 0.028000
1549 , 0.027000
1550 , 0.027000
1551 , 0.028000
1552 , 0.027000
1553 , 0.029000
1554 , 0.028000
1555 , 0.027000
1556 , 0.027000
1557 , 0.027000
1558 , 0.027000
1559 , 0.027000
1560 , 0.027000
1561 , 0.027000
1562 , 0.027000
1563 , 0.027000
1564 , 0.028000
1565 , 0.035000
1566 , 0.027000
1567 , 0.028000
1568 , 0.029000
1569 , 0.027000
1570 , 0.028000
1571 , 0.027000
1572 , 0.030000
1573 , 0.028000
1574 , 0.033000
1575 , 0.027000
1576 , 0.027000
1577 , 0.138000
1578 , 0.052000
1579 , 0.038000
1580 , 0.032000
1581 , 0.027000
1582 , 0.030000
1583 , 0.027000
1584 , 0.028000
1585 , 0.027000
1586 , 0.026000
1587 , 0.027000
1588 , 0.027000
1589 , 0.027000
1590 , 0.027000
1591 , 0.027000
1592 , 0.027000
1593 , 0.027000
1594 , 0.034000
1595 , 0.027000
1596 , 0.027000
1597 , 0.029000
1598 , 0.027000
1599 , 0.028000
1600 , 0.027000
1601 , 0.028000
1602 , 0.027000
1603 , 0.026000
1604 , 0.027000
1605 , 0.027000
1606 , 0.027000
1607 , 0.025000
1608 , 0.027000
1609 , 0.027000
1610 , 0.035000
1611 , 0.028000
1612 , 0.027000
1613 , 0.027000
1614 , 0.027000
1615 , 0.028000
1616 , 0.027000
1617 , 0.028000
1618 , 0.027000
1619 , 0.036000
1620 , 0.027000
1621 , 0.028000
1622 , 0.029000
1623 , 0.028000
1624 , 0.029000
1625 , 0.027000
1626 , 0.030000
1627 , 0.027000
1628 , 0.030000
1629 , 0.028000
1630 , 0.030000
1631 , 0.028000
1632 , 0.030000
1633 , 0.029000
1634 , 0.030000
1635 , 0.028000
1636 , 0.030000
1637 , 0.028000
1638 , 0.031000
1639 , 0.027000
1640 , 0.028000
1641 , 0.027000
1642 , 0.040000
1643 , 0.029000
1644 , 0.029000
1645 , 0.028000
1646 , 0.029000
1647 , 0.029000
1648 , 0.030000
1649 , 0.030000
1650 , 0.030000
1651 , 0.029000
1652 , 0.028000
1653 , 0.028000
1654 , 0.029000
1655 , 0.030000
1656 , 0.029000
1657 , 0.029000
1658 , 0.029000
1659 , 0.029000
1660 , 0.029000
1661 , 0.030000
1662 , 0.029000
1663 , 0.033000
1664 , 0.030000
1665 , 0.029000
1666 , 0.028000
1667 , 0.032000
1668 , 0.029000
1669 , 0.032000
1670 , 0.038000
1671 , 0.028000
1672 , 0.029000
1673 , 0.030000
1674 , 0.036000
1675 , 0.029000
1676 , 0.028000
1677 , 0.028000
1678 , 0.028000
1679 , 0.028000
1680 , 0.028000
1681 , 0.028000
1682 , 0.028000
1683 , 0.028000
1684 , 0.036000
1685 , 0.028000
1686 , 0.038000
1687 , 0.028000
1688 , 0.028000
1689 , 0.028000
1690 , 0.028000
1691 , 0.029000
1692 , 0.028000
1693 , 0.049000
1694 , 0.039000
1695 , 0.031000
1696 , 0.035000
1697 , 0.031000
1698 , 0.032000
1699 , 0.031000
1700 , 0.030000
1701 , 0.033000
1702 , 0.030000
1703 , 0.030000
1704 , 0.036000
1705 , 0.028000
1706 , 0.027000
1707 , 0.029000
1708 , 0.027000
1709 , 0.028000
1710 , 0.028000
1711 , 0.027000
1712 , 0.028000
1713 , 0.028000
1714 , 0.028000
1715 , 0.027000
1716 , 0.028000
1717 , 0.028000
1718 , 0.027000
1719 , 0.028000
1720 , 0.027000
1721 , 0.028000
1722 , 0.027000
1723 , 0.027000
1724 , 0.030000
1725 , 0.027000
1726 , 0.027000
1727 , 0.028000
1728 , 0.032000
1729 , 0.028000
1730 , 0.031000
1731 , 0.027000
1732 , 0.030000
1733 , 0.026000
1734 , 0.028000
1735 , 0.027000
1736 , 0.027000
1737 , 0.028000
1738 , 0.027000
1739 , 0.028000
1740 , 0.028000
1741 , 0.027000
1742 , 0.028000
1743 , 0.028000
1744 , 0.027000
1745 , 0.030000
1746 , 0.027000
1747 , 0.029000
1748 , 0.028000
1749 , 0.028000
1750 , 0.028000
1751 , 0.029000
1752 , 0.028000
1753 , 0.027000
1754 , 0.027000
1755 , 0.028000
1756 , 0.027000
1757 , 0.027000
1758 , 0.030000
1759 , 0.029000
1760 , 0.027000
1761 , 0.028000
1762 , 0.027000
1763 , 0.026000
1764 , 0.027000
1765 , 0.030000
1766 , 0.027000
1767 , 0.029000
1768 , 0.027000
1769 , 0.027000
1770 , 0.029000
1771 , 0.027000
1772 , 0.036000
1773 , 0.030000
1774 , 0.029000
1775 , 0.029000
1776 , 0.029000
1777 , 0.029000
1778 , 0.029000
1779 , 0.029000
1780 , 0.029000
1781 , 0.030000
1782 , 0.030000
1783 , 0.032000
1784 , 0.029000
1785 , 0.034000
1786 , 0.029000
1787 , 0.030000
1788 , 0.029000
1789 , 0.031000
1790 , 0.029000
1791 , 0.029000
1792 , 0.029000
1793 , 0.029000
1794 , 0.029000
1795 , 0.030000
1796 , 0.037000
1797 , 0.029000
1798 , 0.037000
1799 , 0.028000
1800 , 0.037000
1801 , 0.029000
1802 , 0.028000
1803 , 0.028000
1804 , 0.029000
1805 , 0.029000
1806 , 0.028000
1807 , 0.029000
1808 , 0.036000
1809 , 0.028000
1810 , 0.028000
1811 , 0.029000
1812 , 0.028000
1813 , 0.028000
1814 , 0.028000
1815 , 0.028000
1816 , 0.029000
1817 , 0.029000
1818 , 0.029000
1819 , 0.048000
1820 , 0.031000
1821 , 0.027000
1822 , 0.027000
1823 , 0.033000
1824 , 0.026000
1825 , 0.029000
1826 , 0.029000
1827 , 0.029000
1828 , 0.028000
1829 , 0.028000
1830 , 0.028000
1831 , 0.028000
1832 , 0.028000
1833 , 0.029000
1834 , 0.034000
1835 , 0.029000
1836 , 0.027000
1837 , 0.029000
1838 , 0.027000
1839 , 0.026000
1840 , 0.026000
1841 , 0.033000
1842 , 0.028000
1843 , 0.027000
1844 , 0.027000
1845 , 0.026000
1846 , 0.027000
1847 , 0.027000
1848 , 0.026000
1849 , 0.026000
1850 , 0.027000
1851 , 0.033000
1852 , 0.027000
1853 , 0.033000
1854 , 0.026000
1855 , 0.026000
1856 , 0.029000
1857 , 0.027000
1858 , 0.028000
1859 , 0.027000
1860 , 0.029000
1861 , 0.026000
1862 , 0.030000
1863 , 0.035000
1864 , 0.027000
1865 , 0.036000
1866 , 0.027000
1867 , 0.029000
1868 , 0.027000
1869 , 0.029000
1870 , 0.026000
1871 , 0.028000
1872 , 0.027000
1873 , 0.030000
1874 , 0.026000
1875 , 0.028000
1876 , 0.027000
1877 , 0.027000
1878 , 0.027000
1879 , 0.029000
1880 , 0.027000
1881 , 0.032000
1882 , 0.027000
1883 , 0.027000
1884 , 0.027000
1885 , 0.030000
1886 , 0.027000
1887 , 0.028000
1888 , 0.027000
1889 , 0.028000
1890 , 0.027000
1891 , 0.029000
1892 , 0.028000
1893 , 0.029000
1894 , 0.026000
1895 , 0.030000
1896 , 0.027000
1897 , 0.032000
1898 , 0.027000
1899 , 0.031000
1900 , 0.026000
1901 , 0.031000
1902 , 0.027000
1903 , 0.039000
1904 , 0.027000
1905 , 0.029000
1906 , 0.027000
1907 , 0.035000
1908 , 0.026000
1909 , 0.031000
1910 , 0.026000
1911 , 0.035000
1912 , 0.026000
1913 , 0.029000
1914 , 0.027000
1915 , 0.029000
1916 , 0.027000
1917 , 0.038000
1918 , 0.026000
1919 , 0.028000
1920 , 0.026000
1921 , 0.036000
1922 , 0.027000
1923 , 0.027000
1924 , 0.026000
1925 , 0.027000
1926 , 0.027000
1927 , 0.026000
1928 , 0.027000
1929 , 0.027000
1930 , 0.026000
1931 , 0.026000
1932 , 0.026000
1933 , 0.026000
1934 , 0.033000
1935 , 0.027000
1936 , 0.026000
1937 , 0.035000
1938 , 0.027000
1939 , 0.027000
1940 , 0.027000
1941 , 0.027000
1942 , 0.027000
1943 , 0.027000
1944 , 0.029000
1945 , 0.033000
1946 , 0.039000
1947 , 0.039000
1948 , 0.028000
1949 , 0.028000
1950 , 0.029000
1951 , 0.029000
1952 , 0.030000
1953 , 0.029000
1954 , 0.028000
1955 , 0.028000
1956 , 0.028000
1957 , 0.030000
1958 , 0.029000
1959 , 0.027000
1960 , 0.026000
1961 , 0.026000
1962 , 0.034000
1963 , 0.027000
1964 , 0.027000
1965 , 0.028000
1966 , 0.026000
1967 , 0.028000
1968 , 0.027000
1969 , 0.030000
1970 , 0.027000
1971 , 0.027000
1972 , 0.028000
1973 , 0.027000
1974 , 0.028000
1975 , 0.027000
1976 , 0.027000
1977 , 0.027000
1978 , 0.027000
1979 , 0.027000
1980 , 0.027000
1981 , 0.027000
1982 , 0.029000
1983 , 0.027000
1984 , 0.029000
1985 , 0.027000
1986 , 0.030000
1987 , 0.027000
1988 , 0.030000
1989 , 0.027000
1990 , 0.030000
1991 , 0.027000
1992 , 0.027000
1993 , 0.027000
1994 , 0.027000
1995 , 0.027000
1996 , 0.028000
1997 , 0.027000
1998 , 0.028000
1999 , 0.027000
2000 , 0.027000
2001 , 0.027000
2002 , 0.027000
2003 , 0.028000
2004 , 0.043000
2005 , 0.027000
2006 , 0.027000
2007 , 0.027000
2008 , 0.028000
2009 , 0.027000
2010 , 0.028000
2011 , 0.028000
2012 , 0.027000
2013 , 0.027000
2014 , 0.027000
2015 , 0.027000
2016 , 0.027000
2017 , 0.028000
2018 , 0.027000
2019 , 0.027000
2020 , 0.027000
2021 , 0.028000
2022 , 0.028000
2023 , 0.027000
2024 , 0.028000
2025 , 0.026000
2026 , 0.027000
2027 , 0.027000
2028 , 0.027000
2029 , 0.027000
2030 , 0.027000
2031 , 0.026000
2032 , 0.028000
2033 , 0.028000
2034 , 0.030000
2035 , 0.027000
2036 , 0.030000
2037 , 0.027000
2038 , 0.030000
2039 , 0.027000
2040 , 0.030000
2041 , 0.028000
2042 , 0.027000
2043 , 0.027000
2044 , 0.027000
2045 , 0.027000
2046 , 0.028000
2047 , 0.027000
2048 , 0.028000
2049 , 0.026000
2050 , 0.027000
2051 , 0.026000
2052 , 0.028000
2053 , 0.027000
2054 , 0.026000
2055 , 0.028000
2056 , 0.028000
2057 , 0.030000
2058 , 0.028000
2059 , 0.030000
2060 , 0.027000
2061 , 0.028000
2062 , 0.027000
2063 , 0.028000
2064 , 0.028000
2065 , 0.027000
2066 , 0.027000
2067 , 0.027000
2068 , 0.027000
2069 , 0.028000
2070 , 0.027000
2071 , 0.027000
2072 , 0.028000
2073 , 0.035000
2074 , 0.028000
2075 , 0.026000
2076 , 0.030000
2077 , 0.027000
2078 , 0.057000
2079 , 0.045000
2080 , 0.033000
2081 , 0.029000
2082 , 0.028000
2083 , 0.028000
2084 , 0.027000
2085 , 0.027000
2086 , 0.034000
2087 , 0.027000
2088 , 0.027000
2089 , 0.027000
2090 , 0.026000
2091 , 0.029000
2092 , 0.026000
2093 , 0.029000
2094 , 0.034000
2095 , 0.030000
2096 , 0.034000
2097 , 0.028000
2098 , 0.035000
2099 , 0.027000
2100 , 0.038000
2101 , 0.027000
2102 , 0.037000
2103 , 0.028000
2104 , 0.036000
2105 , 0.028000
2106 , 0.034000
2107 , 0.028000
2108 , 0.026000
2109 , 0.028000
2110 , 0.036000
2111 , 0.028000
2112 , 0.028000
2113 , 0.028000
2114 , 0.027000
2115 , 0.037000
2116 , 0.028000
2117 , 0.029000
2118 , 0.029000
2119 , 0.043000
2120 , 0.030000
2121 , 0.028000
2122 , 0.028000
2123 , 0.027000
2124 , 0.027000
2125 , 0.028000
2126 , 0.027000
2127 , 0.027000
2128 , 0.027000
2129 , 0.036000
2130 , 0.029000
2131 , 0.031000
2132 , 0.030000
2133 , 0.032000
2134 , 0.030000
2135 , 0.030000
2136 , 0.029000
2137 , 0.029000
2138 , 0.029000
2139 , 0.029000
2140 , 0.037000
2141 , 0.030000
2142 , 0.030000
2143 , 0.030000
2144 , 0.033000
2145 , 0.031000
2146 , 0.032000
2147 , 0.037000
2148 , 0.030000
2149 , 0.029000
2150 , 0.030000
2151 , 0.029000
2152 , 0.029000
2153 , 0.029000
2154 , 0.031000
2155 , 0.032000
2156 , 0.030000
2157 , 0.032000
2158 , 0.030000
2159 , 0.035000
2160 , 0.026000
2161 , 0.027000
2162 , 0.035000
2163 , 0.027000
2164 , 0.025000
2165 , 0.026000
2166 , 0.026000
2167 , 0.028000
2168 , 0.025000
2169 , 0.029000
2170 , 0.026000
2171 , 0.029000
2172 , 0.027000
2173 , 0.029000
2174 , 0.027000
2175 , 0.029000
2176 , 0.027000
2177 , 0.030000
2178 , 0.027000
2179 , 0.029000
2180 , 0.027000
2181 , 0.029000
2182 , 0.027000
2183 , 0.030000
2184 , 0.027000
2185 , 0.030000
2186 , 0.026000
2187 , 0.029000
2188 , 0.026000
2189 , 0.029000
2190 , 0.026000
2191 , 0.029000
2192 , 0.027000
2193 , 0.027000
2194 , 0.027000
2195 , 0.032000
2196 , 0.027000
2197 , 0.029000
2198 , 0.026000
2199 , 0.028000
2200 , 0.124000
2201 , 0.028000
2202 , 0.028000
2203 , 0.034000
2204 , 0.028000
2205 , 0.026000
2206 , 0.026000
2207 , 0.027000
2208 , 0.033000
2209 , 0.026000
2210 , 0.026000
2211 , 0.026000
2212 , 0.027000
2213 , 0.034000
2214 , 0.026000
2215 , 0.026000
2216 , 0.033000
2217 , 0.027000
2218 , 0.027000
2219 , 0.034000
2220 , 0.027000
2221 , 0.028000
2222 , 0.027000
2223 , 0.029000
2224 , 0.027000
2225 , 0.029000
2226 , 0.028000
2227 , 0.030000
2228 , 0.027000
2229 , 0.028000
2230 , 0.027000
2231 , 0.030000
2232 , 0.027000
2233 , 0.029000
2234 , 0.027000
2235 , 0.030000
2236 , 0.027000
2237 , 0.029000
2238 , 0.027000
2239 , 0.029000
2240 , 0.028000
2241 , 0.028000
2242 , 0.027000
2243 , 0.029000
2244 , 0.026000
2245 , 0.029000
2246 , 0.027000
2247 , 0.029000
2248 , 0.026000
2249 , 0.029000
2250 , 0.028000
2251 , 0.029000
2252 , 0.027000
2253 , 0.028000
2254 , 0.027000
2255 , 0.030000
2256 , 0.028000
2257 , 0.029000
2258 , 0.028000
2259 , 0.027000
2260 , 0.027000
2261 , 0.027000
2262 , 0.027000
2263 , 0.027000
2264 , 0.027000
2265 , 0.028000
2266 , 0.027000
2267 , 0.028000
2268 , 0.028000
2269 , 0.027000
2270 , 0.031000
2271 , 0.028000
2272 , 0.029000
2273 , 0.028000
2274 , 0.028000
2275 , 0.027000
2276 , 0.029000
2277 , 0.028000
2278 , 0.027000
2279 , 0.028000
2280 , 0.026000
2281 , 0.027000
2282 , 0.028000
2283 , 0.027000
2284 , 0.027000
2285 , 0.028000
2286 , 0.028000
2287 , 0.028000
2288 , 0.029000
2289 , 0.028000
2290 , 0.036000
2291 , 0.027000
2292 , 0.038000
2293 , 0.026000
2294 , 0.027000
2295 , 0.027000
2296 , 0.026000
2297 , 0.028000
2298 , 0.027000
2299 , 0.029000
2300 , 0.027000
2301 , 0.029000
2302 , 0.034000
2303 , 0.029000
2304 , 0.027000
2305 , 0.028000
2306 , 0.033000
2307 , 0.029000
2308 , 0.026000
2309 , 0.030000
2310 , 0.026000
2311 , 0.030000
2312 , 0.027000
2313 , 0.029000
2314 , 0.027000
2315 , 0.029000
2316 , 0.027000
2317 , 0.029000
2318 , 0.026000
2319 , 0.029000
2320 , 0.035000
2321 , 0.029000
2322 , 0.026000
2323 , 0.040000
2324 , 0.027000
2325 , 0.025000
2326 , 0.025000
2327 , 0.024000
2328 , 0.025000
2329 , 0.033000
2330 , 0.037000
2331 , 0.028000
2332 , 0.027000
2333 , 0.028000
2334 , 0.028000
2335 , 0.028000
2336 , 0.027000
2337 , 0.029000
2338 , 0.035000
2339 , 0.032000
2340 , 0.026000
2341 , 0.027000
2342 , 0.027000
2343 , 0.028000
2344 , 0.027000
2345 , 0.028000
2346 , 0.027000
2347 , 0.029000
2348 , 0.027000
2349 , 0.030000
2350 , 0.027000
2351 , 0.029000
2352 , 0.028000
2353 , 0.036000
2354 , 0.026000
2355 , 0.028000
2356 , 0.026000
2357 , 0.028000
2358 , 0.027000
2359 , 0.029000
2360 , 0.027000
2361 , 0.029000
2362 , 0.026000
2363 , 0.028000
2364 , 0.027000
2365 , 0.035000
2366 , 0.027000
2367 , 0.028000
2368 , 0.026000
2369 , 0.028000
2370 , 0.026000
2371 , 0.031000
2372 , 0.026000
2373 , 0.030000
2374 , 0.026000
2375 , 0.029000
2376 , 0.027000
2377 , 0.027000
2378 , 0.026000
2379 , 0.026000
2380 , 0.026000
2381 , 0.026000
2382 , 0.027000
2383 , 0.027000
2384 , 0.027000
2385 , 0.026000
2386 , 0.026000
2387 , 0.027000
2388 , 0.026000
2389 , 0.027000
2390 , 0.026000
2391 , 0.029000
2392 , 0.036000
2393 , 0.028000
2394 , 0.027000
2395 , 0.026000
2396 , 0.027000
2397 , 0.029000
2398 , 0.027000
2399 , 0.029000
2400 , 0.034000
2401 , 0.029000
2402 , 0.027000
2403 , 0.035000
2404 , 0.035000
2405 , 0.036000
2406 , 0.027000
2407 , 0.028000
2408 , 0.027000
2409 , 0.029000
2410 , 0.027000
2411 , 0.028000
2412 , 0.033000
2413 , 0.029000
2414 , 0.027000
2415 , 0.030000
2416 , 0.027000
2417 , 0.028000
2418 , 0.034000
2419 , 0.029000
2420 , 0.027000
2421 , 0.030000
2422 , 0.027000
2423 , 0.036000
2424 , 0.026000
2425 , 0.030000
2426 , 0.027000
2427 , 0.028000
2428 , 0.027000
2429 , 0.029000
2430 , 0.027000
2431 , 0.028000
2432 , 0.026000
2433 , 0.036000
2434 , 0.027000
2435 , 0.028000
2436 , 0.027000
2437 , 0.031000
2438 , 0.027000
2439 , 0.029000
2440 , 0.027000
2441 , 0.029000
2442 , 0.027000
2443 , 0.028000
2444 , 0.027000
2445 , 0.029000
2446 , 0.027000
2447 , 0.028000
2448 , 0.028000
2449 , 0.029000
2450 , 0.129000
2451 , 0.028000
2452 , 0.029000
2453 , 0.026000
2454 , 0.029000
2455 , 0.026000
2456 , 0.030000
2457 , 0.027000
2458 , 0.028000
2459 , 0.026000
2460 , 0.027000
2461 , 0.027000
2462 , 0.027000
2463 , 0.027000
2464 , 0.028000
2465 , 0.027000
2466 , 0.026000
2467 , 0.029000
2468 , 0.026000
2469 , 0.030000
2470 , 0.027000
2471 , 0.029000
2472 , 0.027000
2473 , 0.027000
2474 , 0.026000
2475 , 0.026000
2476 , 0.027000
2477 , 0.027000
2478 , 0.026000
2479 , 0.026000
2480 , 0.027000
2481 , 0.027000
2482 , 0.026000
2483 , 0.026000
2484 , 0.029000
2485 , 0.027000
2486 , 0.029000
2487 , 0.027000
2488 , 0.030000
2489 , 0.027000
2490 , 0.029000
2491 , 0.028000
2492 , 0.028000
2493 , 0.028000
2494 , 0.027000
2495 , 0.028000
2496 , 0.027000
2497 , 0.027000
2498 , 0.028000
2499 , 0.027000
2500 , 0.035000
2501 , 0.026000
2502 , 0.027000
2503 , 0.030000
2504 , 0.026000
2505 , 0.028000
2506 , 0.027000
2507 , 0.027000
2508 , 0.028000
2509 , 0.027000
2510 , 0.027000
2511 , 0.026000
2512 , 0.027000
2513 , 0.027000
2514 , 0.026000
2515 , 0.026000
2516 , 0.028000
2517 , 0.027000
2518 , 0.027000
2519 , 0.041000
2520 , 0.026000
2521 , 0.027000
2522 , 0.027000
2523 , 0.028000
2524 , 0.027000
2525 , 0.027000
2526 , 0.027000
2527 , 0.027000
2528 , 0.026000
2529 , 0.027000
2530 , 0.027000
2531 , 0.026000
2532 , 0.028000
2533 , 0.027000
2534 , 0.027000
2535 , 0.028000
2536 , 0.028000
2537 , 0.027000
2538 , 0.028000
2539 , 0.027000
2540 , 0.028000
2541 , 0.027000
2542 , 0.027000
2543 , 0.028000
2544 , 0.027000
2545 , 0.027000
2546 , 0.027000
2547 , 0.028000
2548 , 0.027000
2549 , 0.029000
2550 , 0.027000
2551 , 0.029000
2552 , 0.027000
2553 , 0.030000
2554 , 0.027000
2555 , 0.029000
2556 , 0.026000
2557 , 0.026000
2558 , 0.027000
2559 , 0.027000
2560 , 0.026000
2561 , 0.024000
2562 , 0.032000
2563 , 0.033000
2564 , 0.029000
2565 , 0.054000
2566 , 0.031000
2567 , 0.031000
2568 , 0.031000
2569 , 0.031000
2570 , 0.026000
2571 , 0.026000
2572 , 0.026000
2573 , 0.026000
2574 , 0.026000
2575 , 0.038000
2576 , 0.043000
2577 , 0.036000
2578 , 0.025000
2579 , 0.027000
2580 , 0.024000
2581 , 0.030000
2582 , 0.024000
2583 , 0.030000
2584 , 0.028000
2585 , 0.028000
2586 , 0.027000
2587 , 0.030000
2588 , 0.027000
2589 , 0.029000
2590 , 0.034000
2591 , 0.032000
2592 , 0.027000
2593 , 0.029000
2594 , 0.027000
2595 , 0.029000
2596 , 0.027000
2597 , 0.029000
2598 , 0.027000
2599 , 0.027000
2600 , 0.027000
2601 , 0.027000
2602 , 0.028000
2603 , 0.029000
2604 , 0.029000
2605 , 0.028000
2606 , 0.027000
2607 , 0.027000
2608 , 0.027000
2609 , 0.028000
2610 , 0.027000
2611 , 0.026000
2612 , 0.027000
2613 , 0.026000
2614 , 0.031000
2615 , 0.028000
2616 , 0.029000
2617 , 0.026000
2618 , 0.027000
2619 , 0.027000
2620 , 0.027000
2621 , 0.027000
2622 , 0.028000
2623 , 0.027000
2624 , 0.027000
2625 , 0.027000
2626 , 0.027000
2627 , 0.027000
2628 , 0.028000
2629 , 0.029000
2630 , 0.027000
2631 , 0.031000
2632 , 0.028000
2633 , 0.027000
2634 , 0.028000
2635 , 0.027000
2636 , 0.027000
2637 , 0.028000
2638 , 0.027000
2639 , 0.027000
2640 , 0.027000
2641 , 0.027000
2642 , 0.027000
2643 , 0.028000
2644 , 0.028000
2645 , 0.027000
2646 , 0.030000
2647 , 0.028000
2648 , 0.032000
2649 , 0.027000
2650 , 0.030000
2651 , 0.028000
2652 , 0.029000
2653 , 0.027000
2654 , 0.027000
2655 , 0.028000
2656 , 0.026000
2657 , 0.027000
2658 , 0.026000
2659 , 0.026000
2660 , 0.027000
2661 , 0.027000
2662 , 0.027000
2663 , 0.029000
2664 , 0.027000
2665 , 0.030000
2666 , 0.027000
2667 , 0.030000
2668 , 0.028000
2669 , 0.028000
2670 , 0.027000
2671 , 0.027000
2672 , 0.027000
2673 , 0.028000
2674 , 0.027000
2675 , 0.027000
2676 , 0.028000
2677 , 0.035000
2678 , 0.027000
2679 , 0.028000
2680 , 0.101000
2681 , 0.029000
2682 , 0.031000
2683 , 0.029000
2684 , 0.027000
2685 , 0.029000
2686 , 0.027000
2687 , 0.029000
2688 , 0.027000
2689 , 0.030000
2690 , 0.026000
2691 , 0.028000
2692 , 0.026000
2693 , 0.026000
2694 , 0.028000
2695 , 0.027000
2696 , 0.029000
2697 , 0.028000
2698 , 0.027000
2699 , 0.026000
2700 , 0.028000
2701 , 0.027000
2702 , 0.029000
2703 , 0.027000
2704 , 0.029000
2705 , 0.026000
2706 , 0.029000
2707 , 0.027000
2708 , 0.027000
2709 , 0.027000
2710 , 0.027000
2711 , 0.027000
2712 , 0.027000
2713 , 0.027000
2714 , 0.035000
2715 , 0.027000
2716 , 0.027000
2717 , 0.030000
2718 , 0.027000
2719 , 0.030000
2720 , 0.027000
2721 , 0.027000
2722 , 0.027000
2723 , 0.029000
2724 , 0.028000
2725 , 0.028000
2726 , 0.029000
2727 , 0.028000
2728 , 0.028000
2729 , 0.028000
2730 , 0.027000
2731 , 0.028000
2732 , 0.028000
2733 , 0.028000
2734 , 0.027000
2735 , 0.034000
2736 , 0.027000
2737 , 0.027000
2738 , 0.028000
2739 , 0.027000
2740 , 0.027000
2741 , 0.028000
2742 , 0.032000
2743 , 0.028000
2744 , 0.029000
2745 , 0.027000
2746 , 0.029000
2747 , 0.026000
2748 , 0.028000
2749 , 0.027000
2750 , 0.027000
2751 , 0.027000
2752 , 0.035000
2753 , 0.027000
2754 , 0.027000
2755 , 0.029000
2756 , 0.028000
2757 , 0.029000
2758 , 0.027000
2759 , 0.029000
2760 , 0.027000
2761 , 0.029000
2762 , 0.027000
2763 , 0.027000
2764 , 0.028000
2765 , 0.027000
2766 , 0.028000
2767 , 0.027000
2768 , 0.027000
2769 , 0.027000
2770 , 0.026000
2771 , 0.028000
2772 , 0.027000
2773 , 0.026000
2774 , 0.026000
2775 , 0.027000
2776 , 0.033000
2777 , 0.028000
2778 , 0.030000
2779 , 0.028000
2780 , 0.029000
2781 , 0.028000
2782 , 0.029000
2783 , 0.027000
2784 , 0.028000
2785 , 0.027000
2786 , 0.028000
2787 , 0.029000
2788 , 0.026000
2789 , 0.026000
2790 , 0.035000
2791 , 0.029000
2792 , 0.028000
2793 , 0.027000
2794 , 0.026000
2795 , 0.029000
2796 , 0.027000
2797 , 0.028000
2798 , 0.027000
2799 , 0.027000
2800 , 0.027000
2801 , 0.028000
2802 , 0.027000
2803 , 0.027000
2804 , 0.027000
2805 , 0.027000
2806 , 0.027000
2807 , 0.028000
2808 , 0.027000
2809 , 0.048000
2810 , 0.028000
2811 , 0.027000
2812 , 0.028000
2813 , 0.027000
2814 , 0.028000
2815 , 0.028000
2816 , 0.026000
2817 , 0.027000
2818 , 0.030000
2819 , 0.027000
2820 , 0.030000
2821 , 0.027000
2822 , 0.027000
2823 , 0.028000
2824 , 0.029000
