1 , 0.323000
2 , 0.132000
3 , 0.090000
4 , 0.162000
5 , 0.087000
6 , 0.083000
7 , 0.082000
8 , 0.081000
9 , 0.088000
10 , 0.081000
11 , 0.107000
12 , 0.082000
13 , 0.084000
14 , 0.082000
15 , 0.083000
16 , 0.104000
17 , 0.082000
18 , 0.083000
19 , 0.084000
20 , 0.081000
21 , 0.084000
22 , 0.085000
23 , 0.082000
24 , 0.084000
25 , 0.084000
26 , 0.082000
27 , 0.084000
28 , 0.083000
29 , 0.080000
30 , 0.084000
31 , 0.105000
32 , 0.082000
33 , 0.083000
34 , 0.083000
35 , 0.082000
36 , 0.083000
37 , 0.082000
38 , 0.080000
39 , 0.083000
40 , 0.084000
41 , 0.083000
42 , 0.134000
43 , 0.082000
44 , 0.082000
45 , 0.083000
46 , 0.110000
47 , 0.079000
48 , 0.081000
49 , 0.082000
50 , 0.082000
51 , 0.085000
52 , 0.107000
53 , 0.082000
54 , 0.082000
55 , 0.104000
56 , 0.106000
57 , 0.086000
58 , 0.085000
59 , 0.083000
60 , 0.107000
61 , 0.084000
62 , 0.082000
63 , 0.083000
64 , 0.081000
65 , 0.088000
66 , 0.083000
67 , 0.082000
68 , 0.083000
69 , 0.107000
70 , 0.081000
71 , 0.084000
72 , 0.085000
73 , 0.081000
74 , 0.082000
75 , 0.083000
76 , 0.086000
77 , 0.081000
78 , 0.079000
79 , 0.077000
80 , 0.079000
81 , 0.078000
82 , 0.079000
83 , 0.080000
84 , 0.105000
85 , 0.037000
86 , 0.082000
87 , 0.065000
88 , 0.038000
89 , 0.037000
90 , 0.047000
91 , 0.037000
92 , 0.036000
93 , 0.036000
94 , 0.036000
95 , 0.037000
96 , 0.036000
97 , 0.038000
98 , 0.037000
99 , 0.039000
100 , 0.036000
101 , 0.037000
102 , 0.047000
103 , 0.047000
104 , 0.047000
105 , 0.037000
106 , 0.041000
107 , 0.040000
108 , 0.038000
109 , 0.035000
110 , 0.035000
111 , 0.035000
112 , 0.036000
113 , 0.036000
114 , 0.034000
115 , 0.034000
116 , 0.035000
117 , 0.037000
118 , 0.035000
119 , 0.035000
120 , 0.035000
121 , 0.038000
122 , 0.036000
123 , 0.036000
124 , 0.035000
125 , 0.035000
126 , 0.036000
127 , 0.035000
128 , 0.032000
129 , 0.043000
130 , 0.125000
131 , 0.119000
132 , 0.098000
133 , 0.117000
134 , 0.129000
135 , 0.135000
136 , 0.123000
137 , 0.137000
138 , 0.091000
139 , 0.093000
140 , 0.091000
141 , 0.253000
142 , 0.106000
143 , 0.082000
144 , 0.074000
145 , 0.031000
146 , 0.030000
147 , 0.030000
148 , 0.029000
149 , 0.030000
150 , 0.030000
151 , 0.030000
152 , 0.029000
153 , 0.030000
154 , 0.029000
155 , 0.030000
156 , 0.030000
157 , 0.029000
158 , 0.029000
159 , 0.029000
160 , 0.032000
161 , 0.030000
162 , 0.029000
163 , 0.029000
164 , 0.030000
165 , 0.030000
166 , 0.029000
167 , 0.030000
168 , 0.029000
169 , 0.031000
170 , 0.030000
171 , 0.030000
172 , 0.029000
173 , 0.032000
174 , 0.029000
175 , 0.029000
176 , 0.029000
177 , 0.030000
178 , 0.031000
179 , 0.030000
180 , 0.030000
181 , 0.029000
182 , 0.030000
183 , 0.030000
184 , 0.029000
185 , 0.030000
186 , 0.030000
187 , 0.030000
188 , 0.030000
189 , 0.030000
190 , 0.030000
191 , 0.030000
192 , 0.030000
193 , 0.029000
194 , 0.030000
195 , 0.030000
196 , 0.031000
197 , 0.030000
198 , 0.029000
199 , 0.030000
200 , 0.031000
201 , 0.030000
202 , 0.030000
203 , 0.030000
204 , 0.030000
205 , 0.031000
206 , 0.030000
207 , 0.030000
208 , 0.030000
209 , 0.031000
210 , 0.029000
211 , 0.030000
212 , 0.030000
213 , 0.031000
214 , 0.031000
215 , 0.029000
216 , 0.030000
217 , 0.029000
218 , 0.030000
219 , 0.030000
220 , 0.029000
221 , 0.030000
222 , 0.030000
223 , 0.031000
224 , 0.029000
225 , 0.030000
226 , 0.030000
227 , 0.030000
228 , 0.030000
229 , 0.030000
230 , 0.031000
231 , 0.029000
232 , 0.030000
233 , 0.029000
234 , 0.030000
235 , 0.030000
236 , 0.031000
237 , 0.030000
238 , 0.030000
239 , 0.029000
240 , 0.030000
241 , 0.031000
242 , 0.030000
243 , 0.031000
244 , 0.030000
245 , 0.039000
246 , 0.030000
247 , 0.030000
248 , 0.030000
249 , 0.030000
250 , 0.031000
251 , 0.031000
252 , 0.031000
253 , 0.096000
254 , 0.030000
255 , 0.031000
256 , 0.030000
257 , 0.030000
258 , 0.030000
259 , 0.030000
260 , 0.030000
261 , 0.045000
262 , 0.029000
263 , 0.029000
264 , 0.029000
265 , 0.029000
266 , 0.028000
267 , 0.029000
268 , 0.029000
269 , 0.028000
270 , 0.029000
271 , 0.029000
272 , 0.029000
273 , 0.030000
274 , 0.030000
275 , 0.028000
276 , 0.028000
277 , 0.029000
278 , 0.029000
279 , 0.029000
280 , 0.029000
281 , 0.029000
282 , 0.024000
283 , 0.029000
284 , 0.030000
285 , 0.030000
286 , 0.030000
287 , 0.029000
288 , 0.029000
289 , 0.029000
290 , 0.044000
291 , 0.028000
292 , 0.028000
293 , 0.027000
294 , 0.027000
295 , 0.027000
296 , 0.027000
297 , 0.023000
298 , 0.035000
299 , 0.028000
300 , 0.029000
301 , 0.027000
302 , 0.027000
303 , 0.030000
304 , 0.030000
305 , 0.029000
306 , 0.027000
307 , 0.030000
308 , 0.037000
309 , 0.028000
310 , 0.027000
311 , 0.027000
312 , 0.029000
313 , 0.027000
314 , 0.029000
315 , 0.027000
316 , 0.028000
317 , 0.027000
318 , 0.031000
319 , 0.030000
320 , 0.027000
321 , 0.026000
322 , 0.030000
323 , 0.030000
324 , 0.027000
325 , 0.027000
326 , 0.027000
327 , 0.029000
328 , 0.028000
329 , 0.028000
330 , 0.027000
331 , 0.027000
332 , 0.027000
333 , 0.029000
334 , 0.030000
335 , 0.027000
336 , 0.028000
337 , 0.027000
338 , 0.030000
339 , 0.030000
340 , 0.029000
341 , 0.030000
342 , 0.029000
343 , 0.037000
344 , 0.026000
345 , 0.029000
346 , 0.027000
347 , 0.032000
348 , 0.030000
349 , 0.028000
350 , 0.027000
351 , 0.030000
352 , 0.030000
353 , 0.030000
354 , 0.030000
355 , 0.026000
356 , 0.029000
357 , 0.028000
358 , 0.027000
359 , 0.027000
360 , 0.027000
361 , 0.027000
362 , 0.029000
363 , 0.031000
364 , 0.027000
365 , 0.027000
366 , 0.030000
367 , 0.031000
368 , 0.033000
369 , 0.027000
370 , 0.026000
371 , 0.029000
372 , 0.073000
373 , 0.030000
374 , 0.029000
375 , 0.027000
376 , 0.028000
377 , 0.027000
378 , 0.029000
379 , 0.030000
380 , 0.026000
381 , 0.027000
382 , 0.027000
383 , 0.029000
384 , 0.030000
385 , 0.028000
386 , 0.027000
387 , 0.027000
388 , 0.028000
389 , 0.029000
390 , 0.028000
391 , 0.027000
392 , 0.027000
393 , 0.027000
394 , 0.030000
395 , 0.028000
396 , 0.027000
397 , 0.027000
398 , 0.026000
399 , 0.029000
400 , 0.037000
401 , 0.027000
402 , 0.028000
403 , 0.028000
404 , 0.030000
405 , 0.030000
406 , 0.027000
407 , 0.026000
408 , 0.029000
409 , 0.029000
410 , 0.038000
411 , 0.027000
412 , 0.028000
413 , 0.028000
414 , 0.030000
415 , 0.029000
416 , 0.027000
417 , 0.027000
418 , 0.027000
419 , 0.028000
420 , 0.026000
421 , 0.029000
422 , 0.027000
423 , 0.027000
424 , 0.027000
425 , 0.032000
426 , 0.030000
427 , 0.027000
428 , 0.026000
429 , 0.027000
430 , 0.030000
431 , 0.028000
432 , 0.027000
433 , 0.026000
434 , 0.027000
435 , 0.028000
436 , 0.027000
437 , 0.029000
438 , 0.029000
439 , 0.028000
440 , 0.027000
441 , 0.033000
442 , 0.029000
443 , 0.027000
444 , 0.028000
445 , 0.032000
446 , 0.028000
447 , 0.027000
448 , 0.027000
449 , 0.030000
450 , 0.030000
451 , 0.027000
452 , 0.033000
453 , 0.035000
454 , 0.026000
455 , 0.033000
456 , 0.031000
457 , 0.025000
458 , 0.025000
459 , 0.025000
460 , 0.025000
461 , 0.029000
462 , 0.029000
463 , 0.024000
464 , 0.039000
465 , 0.032000
466 , 0.035000
467 , 0.044000
468 , 0.030000
469 , 0.038000
470 , 0.059000
471 , 0.212000
472 , 0.315000
473 , 0.030000
474 , 0.030000
475 , 0.030000
476 , 0.034000
477 , 0.055000
478 , 0.067000
479 , 0.085000
480 , 0.088000
481 , 0.071000
482 , 0.046000
483 , 0.032000
484 , 0.027000
485 , 0.026000
486 , 0.026000
487 , 0.026000
488 , 0.027000
489 , 0.026000
490 , 0.026000
491 , 0.028000
492 , 0.027000
493 , 0.034000
494 , 0.034000
495 , 0.027000
496 , 0.034000
497 , 0.026000
498 , 0.027000
499 , 0.027000
500 , 0.034000
501 , 0.027000
502 , 0.027000
503 , 0.034000
504 , 0.034000
505 , 0.027000
506 , 0.027000
507 , 0.027000
508 , 0.026000
509 , 0.027000
510 , 0.027000
511 , 0.027000
512 , 0.027000
513 , 0.028000
514 , 0.027000
515 , 0.027000
516 , 0.028000
517 , 0.027000
518 , 0.027000
519 , 0.026000
520 , 0.027000
521 , 0.034000
522 , 0.035000
523 , 0.029000
524 , 0.030000
525 , 0.028000
526 , 0.029000
527 , 0.032000
528 , 0.032000
529 , 0.030000
530 , 0.030000
531 , 0.044000
532 , 0.080000
533 , 0.072000
534 , 0.060000
535 , 0.052000
536 , 0.053000
537 , 0.048000
538 , 0.053000
539 , 0.051000
540 , 0.081000
541 , 0.085000
542 , 0.081000
543 , 0.383000
544 , 0.062000
545 , 0.028000
546 , 0.028000
547 , 0.028000
548 , 0.029000
549 , 0.028000
550 , 0.028000
551 , 0.029000
552 , 0.028000
553 , 0.028000
554 , 0.029000
555 , 0.031000
556 , 0.030000
557 , 0.029000
558 , 0.028000
559 , 0.036000
560 , 0.026000
561 , 0.027000
562 , 0.026000
563 , 0.027000
564 , 0.027000
565 , 0.026000
566 , 0.026000
567 , 0.027000
568 , 0.028000
569 , 0.027000
570 , 0.026000
571 , 0.027000
572 , 0.026000
573 , 0.027000
574 , 0.027000
575 , 0.027000
576 , 0.028000
577 , 0.027000
578 , 0.027000
579 , 0.027000
580 , 0.027000
581 , 0.027000
582 , 0.026000
583 , 0.048000
584 , 0.029000
585 , 0.028000
586 , 0.029000
587 , 0.028000
588 , 0.029000
589 , 0.028000
590 , 0.030000
591 , 0.028000
592 , 0.029000
593 , 0.028000
594 , 0.028000
595 , 0.030000
596 , 0.029000
597 , 0.029000
598 , 0.028000
599 , 0.029000
600 , 0.028000
601 , 0.029000
602 , 0.029000
603 , 0.029000
604 , 0.030000
605 , 0.029000
606 , 0.029000
607 , 0.029000
608 , 0.029000
609 , 0.029000
610 , 0.029000
611 , 0.029000
612 , 0.029000
613 , 0.029000
614 , 0.030000
615 , 0.040000
616 , 0.030000
617 , 0.030000
618 , 0.030000
619 , 0.031000
620 , 0.030000
621 , 0.030000
622 , 0.030000
623 , 0.030000
624 , 0.029000
625 , 0.030000
626 , 0.128000
627 , 0.032000
628 , 0.030000
629 , 0.030000
630 , 0.029000
631 , 0.030000
632 , 0.029000
633 , 0.030000
634 , 0.030000
635 , 0.030000
636 , 0.031000
637 , 0.030000
638 , 0.030000
639 , 0.029000
640 , 0.029000
641 , 0.030000
642 , 0.030000
643 , 0.029000
644 , 0.029000
645 , 0.030000
646 , 0.030000
647 , 0.030000
648 , 0.030000
649 , 0.031000
650 , 0.030000
651 , 0.030000
652 , 0.030000
653 , 0.030000
654 , 0.030000
655 , 0.030000
656 , 0.030000
657 , 0.030000
658 , 0.030000
659 , 0.030000
660 , 0.029000
661 , 0.031000
662 , 0.030000
663 , 0.031000
664 , 0.030000
665 , 0.030000
666 , 0.030000
667 , 0.030000
668 , 0.031000
669 , 0.030000
670 , 0.030000
671 , 0.031000
672 , 0.030000
673 , 0.031000
674 , 0.029000
675 , 0.029000
676 , 0.031000
677 , 0.030000
678 , 0.030000
679 , 0.029000
680 , 0.031000
681 , 0.030000
682 , 0.030000
683 , 0.030000
684 , 0.067000
685 , 0.044000
686 , 0.048000
687 , 0.034000
688 , 0.031000
689 , 0.031000
690 , 0.029000
691 , 0.030000
692 , 0.030000
693 , 0.030000
694 , 0.029000
695 , 0.031000
696 , 0.031000
697 , 0.031000
698 , 0.031000
699 , 0.030000
700 , 0.030000
701 , 0.030000
702 , 0.034000
703 , 0.030000
704 , 0.035000
705 , 0.030000
706 , 0.030000
707 , 0.030000
708 , 0.030000
709 , 0.030000
710 , 0.031000
711 , 0.030000
712 , 0.030000
713 , 0.032000
714 , 0.030000
715 , 0.033000
716 , 0.030000
717 , 0.033000
718 , 0.030000
719 , 0.032000
720 , 0.029000
721 , 0.030000
722 , 0.031000
723 , 0.030000
724 , 0.038000
725 , 0.027000
726 , 0.028000
727 , 0.026000
728 , 0.026000
729 , 0.026000
730 , 0.032000
731 , 0.027000
732 , 0.028000
733 , 0.027000
734 , 0.042000
735 , 0.029000
736 , 0.028000
737 , 0.027000
738 , 0.028000
739 , 0.027000
740 , 0.028000
741 , 0.027000
742 , 0.035000
743 , 0.027000
744 , 0.028000
745 , 0.027000
746 , 0.028000
747 , 0.029000
748 , 0.026000
749 , 0.031000
750 , 0.027000
751 , 0.030000
752 , 0.027000
753 , 0.029000
754 , 0.027000
755 , 0.033000
756 , 0.027000
757 , 0.030000
758 , 0.028000
759 , 0.027000
760 , 0.027000
761 , 0.027000
762 , 0.028000
763 , 0.026000
764 , 0.026000
765 , 0.026000
766 , 0.027000
767 , 0.036000
768 , 0.027000
769 , 0.027000
770 , 0.028000
771 , 0.027000
772 , 0.029000
773 , 0.028000
774 , 0.029000
775 , 0.026000
776 , 0.030000
777 , 0.027000
778 , 0.033000
779 , 0.027000
780 , 0.030000
781 , 0.027000
782 , 0.028000
783 , 0.027000
784 , 0.027000
785 , 0.028000
786 , 0.028000
787 , 0.027000
788 , 0.027000
789 , 0.028000
790 , 0.034000
791 , 0.028000
792 , 0.027000
793 , 0.028000
794 , 0.028000
795 , 0.030000
796 , 0.027000
797 , 0.030000
798 , 0.028000
799 , 0.027000
800 , 0.027000
801 , 0.029000
802 , 0.028000
803 , 0.027000
804 , 0.027000
805 , 0.027000
806 , 0.027000
807 , 0.028000
808 , 0.027000
809 , 0.027000
810 , 0.027000
811 , 0.034000
812 , 0.028000
813 , 0.027000
814 , 0.027000
815 , 0.027000
816 , 0.030000
817 , 0.027000
818 , 0.028000
819 , 0.027000
820 , 0.030000
821 , 0.028000
822 , 0.029000
823 , 0.027000
824 , 0.027000
825 , 0.028000
826 , 0.027000
827 , 0.027000
828 , 0.031000
829 , 0.029000
830 , 0.028000
831 , 0.027000
832 , 0.027000
833 , 0.027000
834 , 0.028000
835 , 0.027000
836 , 0.027000
837 , 0.027000
838 , 0.029000
839 , 0.028000
840 , 0.029000
841 , 0.027000
842 , 0.028000
843 , 0.028000
844 , 0.030000
845 , 0.027000
846 , 0.027000
847 , 0.027000
848 , 0.028000
849 , 0.027000
850 , 0.027000
851 , 0.027000
852 , 0.027000
853 , 0.026000
854 , 0.035000
855 , 0.027000
856 , 0.026000
857 , 0.030000
858 , 0.027000
859 , 0.029000
860 , 0.027000
861 , 0.028000
862 , 0.027000
863 , 0.032000
864 , 0.026000
865 , 0.027000
866 , 0.088000
867 , 0.023000
868 , 0.028000
869 , 0.029000
870 , 0.028000
871 , 0.026000
872 , 0.027000
873 , 0.027000
874 , 0.030000
875 , 0.026000
876 , 0.030000
877 , 0.027000
878 , 0.027000
879 , 0.028000
880 , 0.027000
881 , 0.027000
882 , 0.027000
883 , 0.028000
884 , 0.027000
885 , 0.027000
886 , 0.027000
887 , 0.027000
888 , 0.028000
889 , 0.029000
890 , 0.028000
891 , 0.027000
892 , 0.027000
893 , 0.029000
894 , 0.027000
895 , 0.027000
896 , 0.028000
897 , 0.028000
898 , 0.028000
899 , 0.028000
900 , 0.028000
901 , 0.027000
902 , 0.028000
903 , 0.028000
904 , 0.028000
905 , 0.035000
906 , 0.027000
907 , 0.028000
908 , 0.029000
909 , 0.027000
910 , 0.029000
911 , 0.027000
912 , 0.026000
913 , 0.027000
914 , 0.030000
915 , 0.027000
916 , 0.028000
917 , 0.027000
918 , 0.029000
919 , 0.028000
920 , 0.029000
921 , 0.027000
922 , 0.027000
923 , 0.027000
924 , 0.027000
925 , 0.028000
926 , 0.027000
927 , 0.027000
928 , 0.027000
929 , 0.028000
930 , 0.027000
931 , 0.030000
932 , 0.027000
933 , 0.029000
934 , 0.029000
935 , 0.028000
936 , 0.027000
937 , 0.032000
938 , 0.027000
939 , 0.030000
940 , 0.027000
941 , 0.027000
942 , 0.027000
943 , 0.028000
944 , 0.027000
945 , 0.027000
946 , 0.027000
947 , 0.028000
948 , 0.027000
949 , 0.035000
950 , 0.026000
951 , 0.026000
952 , 0.029000
953 , 0.027000
954 , 0.030000
955 , 0.027000
956 , 0.037000
957 , 0.028000
958 , 0.027000
959 , 0.026000
960 , 0.028000
961 , 0.027000
962 , 0.029000
963 , 0.027000
964 , 0.029000
965 , 0.028000
966 , 0.028000
967 , 0.028000
968 , 0.032000
969 , 0.027000
970 , 0.030000
971 , 0.027000
972 , 0.027000
973 , 0.028000
974 , 0.028000
975 , 0.026000
976 , 0.027000
977 , 0.027000
978 , 0.027000
979 , 0.028000
980 , 0.026000
981 , 0.029000
982 , 0.027000
983 , 0.030000
984 , 0.027000
985 , 0.027000
986 , 0.027000
987 , 0.028000
988 , 0.028000
989 , 0.027000
990 , 0.027000
991 , 0.027000
992 , 0.028000
993 , 0.028000
994 , 0.026000
995 , 0.026000
996 , 0.027000
997 , 0.099000
998 , 0.031000
999 , 0.027000
1000 , 0.026000
1001 , 0.027000
1002 , 0.027000
1003 , 0.027000
1004 , 0.027000
1005 , 0.027000
1006 , 0.027000
1007 , 0.027000
1008 , 0.027000
1009 , 0.028000
1010 , 0.026000
1011 , 0.030000
1012 , 0.028000
1013 , 0.030000
1014 , 0.027000
1015 , 0.028000
1016 , 0.027000
1017 , 0.027000
1018 , 0.027000
1019 , 0.030000
1020 , 0.027000
1021 , 0.027000
1022 , 0.027000
1023 , 0.027000
1024 , 0.029000
1025 , 0.028000
1026 , 0.030000
1027 , 0.027000
1028 , 0.030000
1029 , 0.027000
1030 , 0.028000
1031 , 0.028000
1032 , 0.028000
1033 , 0.026000
1034 , 0.027000
1035 , 0.027000
1036 , 0.027000
1037 , 0.028000
1038 , 0.027000
1039 , 0.027000
1040 , 0.028000
1041 , 0.027000
1042 , 0.026000
1043 , 0.028000
1044 , 0.027000
1045 , 0.030000
1046 , 0.027000
1047 , 0.030000
1048 , 0.027000
1049 , 0.028000
1050 , 0.027000
1051 , 0.028000
1052 , 0.027000
1053 , 0.027000
1054 , 0.027000
1055 , 0.026000
1056 , 0.027000
1057 , 0.027000
1058 , 0.029000
1059 , 0.030000
1060 , 0.027000
1061 , 0.027000
1062 , 0.028000
1063 , 0.027000
1064 , 0.027000
1065 , 0.035000
1066 , 0.026000
1067 , 0.027000
1068 , 0.029000
1069 , 0.027000
1070 , 0.029000
1071 , 0.027000
1072 , 0.029000
1073 , 0.028000
1074 , 0.032000
1075 , 0.027000
1076 , 0.027000
1077 , 0.027000
1078 , 0.027000
1079 , 0.027000
1080 , 0.027000
1081 , 0.029000
1082 , 0.027000
1083 , 0.027000
1084 , 0.034000
1085 , 0.027000
1086 , 0.027000
1087 , 0.031000
1088 , 0.032000
1089 , 0.031000
1090 , 0.028000
1091 , 0.029000
1092 , 0.027000
1093 , 0.027000
1094 , 0.034000
1095 , 0.032000
1096 , 0.030000
1097 , 0.027000
1098 , 0.030000
1099 , 0.028000
1100 , 0.029000
1101 , 0.027000
1102 , 0.027000
1103 , 0.027000
1104 , 0.031000
1105 , 0.027000
1106 , 0.028000
1107 , 0.026000
1108 , 0.028000
1109 , 0.027000
1110 , 0.027000
1111 , 0.028000
1112 , 0.026000
1113 , 0.027000
1114 , 0.028000
1115 , 0.027000
1116 , 0.027000
1117 , 0.028000
1118 , 0.027000
1119 , 0.028000
1120 , 0.027000
1121 , 0.029000
1122 , 0.028000
1123 , 0.029000
1124 , 0.027000
1125 , 0.027000
1126 , 0.050000
1127 , 0.023000
1128 , 0.022000
1129 , 0.021000
1130 , 0.020000
1131 , 0.021000
1132 , 0.029000
1133 , 0.029000
1134 , 0.027000
1135 , 0.029000
1136 , 0.028000
1137 , 0.028000
1138 , 0.027000
1139 , 0.030000
1140 , 0.027000
1141 , 0.027000
1142 , 0.028000
1143 , 0.027000
1144 , 0.027000
1145 , 0.028000
1146 , 0.027000
1147 , 0.027000
1148 , 0.027000
1149 , 0.034000
1150 , 0.027000
1151 , 0.028000
1152 , 0.029000
1153 , 0.027000
1154 , 0.029000
1155 , 0.027000
1156 , 0.032000
1157 , 0.032000
1158 , 0.030000
1159 , 0.027000
1160 , 0.030000
1161 , 0.027000
1162 , 0.030000
1163 , 0.027000
1164 , 0.028000
1165 , 0.026000
1166 , 0.030000
1167 , 0.027000
1168 , 0.027000
1169 , 0.027000
1170 , 0.027000
1171 , 0.027000
1172 , 0.027000
1173 , 0.028000
1174 , 0.026000
1175 , 0.028000
1176 , 0.026000
1177 , 0.029000
1178 , 0.028000
1179 , 0.030000
1180 , 0.027000
1181 , 0.031000
1182 , 0.027000
1183 , 0.028000
1184 , 0.027000
1185 , 0.029000
1186 , 0.027000
1187 , 0.029000
1188 , 0.027000
1189 , 0.037000
1190 , 0.051000
1191 , 0.043000
1192 , 0.039000
1193 , 0.034000
1194 , 0.042000
1195 , 0.028000
1196 , 0.044000
1197 , 0.044000
1198 , 0.045000
1199 , 0.041000
1200 , 0.041000
1201 , 0.038000
1202 , 0.033000
1203 , 0.040000
1204 , 0.042000
1205 , 0.037000
1206 , 0.039000
1207 , 0.039000
1208 , 0.057000
1209 , 0.040000
1210 , 0.039000
1211 , 0.027000
1212 , 0.028000
1213 , 0.028000
1214 , 0.034000
1215 , 0.027000
1216 , 0.030000
1217 , 0.095000
1218 , 0.028000
1219 , 0.028000
1220 , 0.026000
1221 , 0.028000
1222 , 0.027000
1223 , 0.027000
1224 , 0.027000
1225 , 0.029000
1226 , 0.027000
1227 , 0.028000
1228 , 0.028000
1229 , 0.028000
1230 , 0.027000
1231 , 0.028000
1232 , 0.027000
1233 , 0.027000
1234 , 0.035000
1235 , 0.028000
1236 , 0.027000
1237 , 0.028000
1238 , 0.027000
1239 , 0.029000
1240 , 0.027000
1241 , 0.029000
1242 , 0.028000
1243 , 0.029000
1244 , 0.027000
1245 , 0.028000
1246 , 0.027000
1247 , 0.032000
1248 , 0.027000
1249 , 0.030000
1250 , 0.028000
1251 , 0.029000
1252 , 0.027000
1253 , 0.028000
1254 , 0.027000
1255 , 0.027000
1256 , 0.028000
1257 , 0.027000
1258 , 0.027000
1259 , 0.028000
1260 , 0.027000
1261 , 0.028000
1262 , 0.026000
1263 , 0.026000
1264 , 0.028000
1265 , 0.027000
1266 , 0.033000
1267 , 0.034000
1268 , 0.029000
1269 , 0.029000
1270 , 0.026000
1271 , 0.027000
1272 , 0.027000
1273 , 0.029000
1274 , 0.026000
1275 , 0.027000
1276 , 0.027000
1277 , 0.027000
1278 , 0.030000
1279 , 0.027000
1280 , 0.029000
1281 , 0.028000
1282 , 0.029000
1283 , 0.027000
1284 , 0.029000
1285 , 0.026000
1286 , 0.029000
1287 , 0.028000
1288 , 0.030000
1289 , 0.026000
1290 , 0.028000
1291 , 0.028000
1292 , 0.027000
1293 , 0.026000
1294 , 0.027000
1295 , 0.027000
1296 , 0.027000
1297 , 0.027000
1298 , 0.026000
1299 , 0.027000
1300 , 0.036000
1301 , 0.027000
1302 , 0.028000
1303 , 0.027000
1304 , 0.026000
1305 , 0.030000
1306 , 0.027000
1307 , 0.028000
1308 , 0.028000
1309 , 0.030000
1310 , 0.027000
1311 , 0.030000
1312 , 0.027000
1313 , 0.036000
1314 , 0.028000
1315 , 0.028000
1316 , 0.027000
1317 , 0.027000
1318 , 0.028000
1319 , 0.030000
1320 , 0.027000
1321 , 0.030000
1322 , 0.028000
1323 , 0.031000
1324 , 0.029000
1325 , 0.028000
1326 , 0.028000
1327 , 0.030000
1328 , 0.028000
1329 , 0.029000
1330 , 0.027000
1331 , 0.030000
1332 , 0.029000
1333 , 0.029000
1334 , 0.028000
1335 , 0.030000
1336 , 0.028000
1337 , 0.029000
1338 , 0.028000
1339 , 0.029000
1340 , 0.026000
1341 , 0.031000
1342 , 0.123000
1343 , 0.030000
1344 , 0.028000
1345 , 0.028000
1346 , 0.028000
1347 , 0.028000
1348 , 0.028000
1349 , 0.028000
1350 , 0.029000
1351 , 0.035000
1352 , 0.033000
1353 , 0.029000
1354 , 0.028000
1355 , 0.031000
1356 , 0.029000
1357 , 0.031000
1358 , 0.028000
1359 , 0.031000
1360 , 0.029000
1361 , 0.031000
1362 , 0.028000
1363 , 0.028000
1364 , 0.027000
1365 , 0.030000
1366 , 0.028000
1367 , 0.032000
1368 , 0.028000
1369 , 0.035000
1370 , 0.027000
1371 , 0.030000
1372 , 0.028000
1373 , 0.030000
1374 , 0.027000
1375 , 0.030000
1376 , 0.027000
1377 , 0.030000
1378 , 0.027000
1379 , 0.028000
1380 , 0.027000
1381 , 0.030000
1382 , 0.029000
1383 , 0.030000
1384 , 0.028000
1385 , 0.033000
1386 , 0.026000
1387 , 0.031000
1388 , 0.027000
1389 , 0.027000
1390 , 0.028000
1391 , 0.027000
1392 , 0.027000
1393 , 0.027000
1394 , 0.027000
1395 , 0.027000
1396 , 0.027000
1397 , 0.027000
1398 , 0.028000
1399 , 0.027000
1400 , 0.027000
1401 , 0.036000
1402 , 0.028000
1403 , 0.028000
1404 , 0.028000
1405 , 0.029000
1406 , 0.027000
1407 , 0.028000
1408 , 0.028000
1409 , 0.028000
1410 , 0.028000
1411 , 0.028000
1412 , 0.027000
1413 , 0.035000
1414 , 0.029000
1415 , 0.027000
1416 , 0.028000
1417 , 0.027000
1418 , 0.029000
1419 , 0.028000
1420 , 0.030000
1421 , 0.029000
1422 , 0.029000
1423 , 0.028000
1424 , 0.030000
1425 , 0.028000
1426 , 0.030000
1427 , 0.028000
1428 , 0.031000
1429 , 0.027000
1430 , 0.030000
1431 , 0.028000
1432 , 0.029000
1433 , 0.027000
1434 , 0.040000
1435 , 0.029000
1436 , 0.029000
1437 , 0.031000
1438 , 0.029000
1439 , 0.029000
1440 , 0.029000
1441 , 0.029000
1442 , 0.030000
1443 , 0.031000
1444 , 0.029000
1445 , 0.030000
1446 , 0.029000
1447 , 0.029000
1448 , 0.029000
1449 , 0.031000
1450 , 0.029000
1451 , 0.031000
1452 , 0.029000
1453 , 0.028000
1454 , 0.029000
1455 , 0.030000
1456 , 0.029000
1457 , 0.031000
1458 , 0.029000
1459 , 0.030000
1460 , 0.028000
1461 , 0.036000
1462 , 0.033000
1463 , 0.029000
1464 , 0.039000
1465 , 0.029000
1466 , 0.031000
1467 , 0.031000
1468 , 0.031000
1469 , 0.030000
1470 , 0.030000
1471 , 0.030000
1472 , 0.031000
1473 , 0.030000
1474 , 0.030000
1475 , 0.030000
1476 , 0.031000
1477 , 0.033000
1478 , 0.031000
1479 , 0.032000
1480 , 0.048000
1481 , 0.035000
1482 , 0.039000
1483 , 0.036000
1484 , 0.030000
1485 , 0.032000
1486 , 0.029000
1487 , 0.034000
1488 , 0.030000
1489 , 0.031000
1490 , 0.031000
1491 , 0.032000
1492 , 0.030000
1493 , 0.030000
1494 , 0.031000
1495 , 0.030000
1496 , 0.030000
1497 , 0.031000
1498 , 0.029000
1499 , 0.030000
1500 , 0.030000
1501 , 0.030000
1502 , 0.030000
1503 , 0.031000
1504 , 0.032000
1505 , 0.030000
1506 , 0.032000
1507 , 0.030000
1508 , 0.031000
1509 , 0.030000
1510 , 0.031000
1511 , 0.030000
1512 , 0.031000
1513 , 0.030000
1514 , 0.029000
1515 , 0.029000
1516 , 0.029000
1517 , 0.031000
1518 , 0.030000
1519 , 0.032000
1520 , 0.031000
1521 , 0.032000
1522 , 0.030000
1523 , 0.030000
1524 , 0.030000
1525 , 0.031000
1526 , 0.035000
1527 , 0.030000
1528 , 0.032000
1529 , 0.039000
1530 , 0.031000
1531 , 0.034000
1532 , 0.030000
1533 , 0.030000
1534 , 0.030000
1535 , 0.030000
1536 , 0.029000
1537 , 0.029000
1538 , 0.030000
1539 , 0.030000
1540 , 0.030000
1541 , 0.031000
1542 , 0.031000
1543 , 0.030000
1544 , 0.031000
1545 , 0.038000
1546 , 0.031000
1547 , 0.030000
1548 , 0.031000
1549 , 0.031000
1550 , 0.030000
1551 , 0.030000
1552 , 0.031000
1553 , 0.044000
1554 , 0.032000
1555 , 0.027000
1556 , 0.026000
1557 , 0.027000
1558 , 0.027000
1559 , 0.027000
1560 , 0.028000
1561 , 0.026000
1562 , 0.028000
1563 , 0.026000
1564 , 0.035000
1565 , 0.032000
1566 , 0.028000
1567 , 0.027000
1568 , 0.026000
1569 , 0.027000
1570 , 0.027000
1571 , 0.027000
1572 , 0.027000
1573 , 0.030000
1574 , 0.028000
1575 , 0.030000
1576 , 0.027000
1577 , 0.029000
1578 , 0.028000
1579 , 0.026000
1580 , 0.027000
1581 , 0.036000
1582 , 0.030000
1583 , 0.027000
1584 , 0.028000
1585 , 0.037000
1586 , 0.029000
1587 , 0.027000
1588 , 0.028000
1589 , 0.028000
1590 , 0.030000
1591 , 0.028000
1592 , 0.029000
1593 , 0.028000
1594 , 0.031000
1595 , 0.028000
1596 , 0.030000
1597 , 0.028000
1598 , 0.029000
1599 , 0.028000
1600 , 0.031000
1601 , 0.028000
1602 , 0.031000
1603 , 0.029000
1604 , 0.030000
1605 , 0.028000
1606 , 0.029000
1607 , 0.038000
1608 , 0.034000
1609 , 0.034000
1610 , 0.029000
1611 , 0.027000
1612 , 0.027000
1613 , 0.034000
1614 , 0.028000
1615 , 0.027000
1616 , 0.027000
1617 , 0.027000
1618 , 0.027000
1619 , 0.028000
1620 , 0.028000
1621 , 0.027000
1622 , 0.026000
1623 , 0.028000
1624 , 0.027000
1625 , 0.029000
1626 , 0.026000
1627 , 0.032000
1628 , 0.029000
1629 , 0.029000
1630 , 0.027000
1631 , 0.030000
1632 , 0.027000
1633 , 0.027000
1634 , 0.026000
1635 , 0.029000
1636 , 0.026000
1637 , 0.030000
1638 , 0.027000
1639 , 0.028000
1640 , 0.027000
1641 , 0.032000
1642 , 0.026000
1643 , 0.029000
1644 , 0.027000
1645 , 0.032000
1646 , 0.026000
1647 , 0.038000
1648 , 0.034000
1649 , 0.029000
1650 , 0.029000
1651 , 0.030000
1652 , 0.027000
1653 , 0.029000
1654 , 0.027000
1655 , 0.027000
1656 , 0.027000
1657 , 0.027000
1658 , 0.027000
1659 , 0.029000
1660 , 0.028000
1661 , 0.027000
1662 , 0.027000
1663 , 0.027000
1664 , 0.027000
1665 , 0.028000
1666 , 0.028000
1667 , 0.028000
1668 , 0.028000
1669 , 0.028000
1670 , 0.027000
1671 , 0.027000
1672 , 0.027000
1673 , 0.027000
1674 , 0.027000
1675 , 0.027000
1676 , 0.028000
1677 , 0.030000
1678 , 0.027000
1679 , 0.027000
1680 , 0.028000
1681 , 0.027000
1682 , 0.027000
1683 , 0.027000
1684 , 0.027000
1685 , 0.027000
1686 , 0.027000
1687 , 0.027000
1688 , 0.027000
1689 , 0.027000
1690 , 0.027000
1691 , 0.027000
1692 , 0.043000
1693 , 0.027000
1694 , 0.028000
1695 , 0.028000
1696 , 0.027000
1697 , 0.028000
1698 , 0.027000
1699 , 0.028000
1700 , 0.035000
1701 , 0.027000
1702 , 0.028000
1703 , 0.028000
1704 , 0.027000
1705 , 0.030000
1706 , 0.027000
1707 , 0.027000
1708 , 0.027000
1709 , 0.031000
1710 , 0.027000
1711 , 0.030000
1712 , 0.027000
1713 , 0.027000
1714 , 0.026000
1715 , 0.027000
1716 , 0.026000
1717 , 0.028000
1718 , 0.027000
1719 , 0.035000
1720 , 0.027000
1721 , 0.028000
1722 , 0.029000
1723 , 0.028000
1724 , 0.028000
1725 , 0.034000
1726 , 0.027000
1727 , 0.027000
1728 , 0.028000
1729 , 0.027000
1730 , 0.035000
1731 , 0.027000
1732 , 0.028000
1733 , 0.027000
1734 , 0.038000
1735 , 0.027000
1736 , 0.028000
1737 , 0.027000
1738 , 0.029000
1739 , 0.033000
1740 , 0.029000
1741 , 0.027000
1742 , 0.030000
1743 , 0.026000
1744 , 0.029000
1745 , 0.027000
1746 , 0.028000
1747 , 0.033000
1748 , 0.029000
1749 , 0.027000
1750 , 0.029000
1751 , 0.026000
1752 , 0.029000
1753 , 0.027000
1754 , 0.029000
1755 , 0.032000
1756 , 0.030000
1757 , 0.027000
1758 , 0.029000
1759 , 0.028000
1760 , 0.031000
1761 , 0.027000
1762 , 0.030000
1763 , 0.027000
1764 , 0.029000
1765 , 0.027000
1766 , 0.032000
1767 , 0.027000
1768 , 0.030000
1769 , 0.028000
1770 , 0.030000
1771 , 0.027000
1772 , 0.028000
1773 , 0.027000
1774 , 0.027000
1775 , 0.027000
1776 , 0.027000
1777 , 0.028000
1778 , 0.027000
1779 , 0.027000
1780 , 0.035000
1781 , 0.027000
1782 , 0.028000
1783 , 0.030000
1784 , 0.027000
1785 , 0.031000
1786 , 0.027000
1787 , 0.030000
1788 , 0.028000
1789 , 0.028000
1790 , 0.027000
1791 , 0.030000
1792 , 0.029000
1793 , 0.032000
1794 , 0.027000
1795 , 0.031000
1796 , 0.028000
1797 , 0.030000
1798 , 0.028000
1799 , 0.029000
1800 , 0.026000
1801 , 0.029000
1802 , 0.028000
1803 , 0.027000
1804 , 0.027000
1805 , 0.029000
1806 , 0.028000
1807 , 0.028000
1808 , 0.026000
1809 , 0.027000
1810 , 0.027000
1811 , 0.026000
1812 , 0.028000
1813 , 0.026000
1814 , 0.027000
1815 , 0.027000
1816 , 0.030000
1817 , 0.027000
1818 , 0.029000
1819 , 0.027000
1820 , 0.029000
1821 , 0.027000
1822 , 0.027000
1823 , 0.058000
1824 , 0.031000
1825 , 0.027000
1826 , 0.029000
1827 , 0.027000
1828 , 0.028000
1829 , 0.027000
1830 , 0.027000
1831 , 0.027000
1832 , 0.028000
1833 , 0.028000
1834 , 0.026000
1835 , 0.027000
1836 , 0.033000
1837 , 0.026000
1838 , 0.033000
1839 , 0.027000
1840 , 0.035000
1841 , 0.029000
1842 , 0.027000
1843 , 0.029000
1844 , 0.026000
1845 , 0.029000
1846 , 0.026000
1847 , 0.037000
1848 , 0.026000
1849 , 0.027000
1850 , 0.027000
1851 , 0.027000
1852 , 0.035000
1853 , 0.027000
1854 , 0.034000
1855 , 0.026000
1856 , 0.026000
1857 , 0.027000
1858 , 0.027000
1859 , 0.027000
1860 , 0.026000
1861 , 0.029000
1862 , 0.027000
1863 , 0.035000
1864 , 0.028000
1865 , 0.035000
1866 , 0.028000
1867 , 0.034000
1868 , 0.027000
1869 , 0.034000
1870 , 0.027000
1871 , 0.034000
1872 , 0.028000
1873 , 0.027000
1874 , 0.027000
1875 , 0.027000
1876 , 0.027000
1877 , 0.027000
1878 , 0.030000
1879 , 0.027000
1880 , 0.029000
1881 , 0.035000
1882 , 0.028000
1883 , 0.026000
1884 , 0.030000
1885 , 0.027000
1886 , 0.030000
1887 , 0.027000
1888 , 0.029000
1889 , 0.027000
1890 , 0.028000
1891 , 0.028000
1892 , 0.029000
1893 , 0.027000
1894 , 0.028000
1895 , 0.027000
1896 , 0.035000
1897 , 0.027000
1898 , 0.030000
1899 , 0.027000
1900 , 0.029000
1901 , 0.026000
1902 , 0.029000
1903 , 0.027000
1904 , 0.029000
1905 , 0.035000
1906 , 0.035000
1907 , 0.034000
1908 , 0.029000
1909 , 0.026000
1910 , 0.029000
1911 , 0.027000
1912 , 0.029000
1913 , 0.027000
1914 , 0.029000
1915 , 0.027000
1916 , 0.029000
1917 , 0.027000
1918 , 0.029000
1919 , 0.027000
1920 , 0.029000
1921 , 0.026000
1922 , 0.029000
1923 , 0.026000
1924 , 0.029000
1925 , 0.028000
1926 , 0.035000
1927 , 0.027000
1928 , 0.029000
1929 , 0.027000
1930 , 0.030000
1931 , 0.027000
1932 , 0.029000
1933 , 0.027000
1934 , 0.030000
1935 , 0.026000
1936 , 0.028000
1937 , 0.027000
1938 , 0.029000
1939 , 0.034000
1940 , 0.030000
1941 , 0.035000
1942 , 0.029000
1943 , 0.027000
1944 , 0.028000
1945 , 0.041000
1946 , 0.026000
1947 , 0.032000
1948 , 0.027000
1949 , 0.027000
1950 , 0.026000
1951 , 0.027000
1952 , 0.027000
1953 , 0.027000
1954 , 0.027000
1955 , 0.028000
1956 , 0.027000
1957 , 0.029000
1958 , 0.027000
1959 , 0.030000
1960 , 0.026000
1961 , 0.029000
1962 , 0.027000
1963 , 0.028000
1964 , 0.027000
1965 , 0.027000
1966 , 0.027000
1967 , 0.026000
1968 , 0.028000
1969 , 0.027000
1970 , 0.027000
1971 , 0.027000
1972 , 0.027000
1973 , 0.027000
1974 , 0.027000
1975 , 0.028000
1976 , 0.028000
1977 , 0.026000
1978 , 0.030000
1979 , 0.027000
1980 , 0.030000
1981 , 0.027000
1982 , 0.028000
1983 , 0.027000
1984 , 0.029000
1985 , 0.027000
1986 , 0.028000
1987 , 0.027000
1988 , 0.028000
1989 , 0.027000
1990 , 0.028000
1991 , 0.026000
1992 , 0.028000
1993 , 0.027000
1994 , 0.036000
1995 , 0.027000
1996 , 0.028000
1997 , 0.030000
1998 , 0.027000
1999 , 0.030000
2000 , 0.027000
2001 , 0.028000
2002 , 0.028000
2003 , 0.030000
2004 , 0.028000
2005 , 0.032000
2006 , 0.026000
2007 , 0.031000
2008 , 0.027000
2009 , 0.030000
2010 , 0.027000
2011 , 0.027000
2012 , 0.028000
2013 , 0.027000
2014 , 0.027000
2015 , 0.027000
2016 , 0.027000
2017 , 0.028000
2018 , 0.028000
2019 , 0.027000
2020 , 0.028000
2021 , 0.035000
2022 , 0.028000
2023 , 0.027000
2024 , 0.030000
2025 , 0.027000
2026 , 0.029000
2027 , 0.026000
2028 , 0.029000
2029 , 0.027000
2030 , 0.030000
2031 , 0.028000
2032 , 0.029000
2033 , 0.027000
2034 , 0.028000
2035 , 0.028000
2036 , 0.027000
2037 , 0.028000
2038 , 0.029000
2039 , 0.028000
2040 , 0.028000
2041 , 0.027000
2042 , 0.028000
2043 , 0.027000
2044 , 0.027000
2045 , 0.027000
2046 , 0.027000
2047 , 0.030000
2048 , 0.027000
2049 , 0.028000
2050 , 0.027000
2051 , 0.029000
2052 , 0.028000
2053 , 0.032000
2054 , 0.027000
2055 , 0.028000
2056 , 0.028000
2057 , 0.027000
2058 , 0.028000
2059 , 0.027000
2060 , 0.027000
2061 , 0.027000
2062 , 0.027000
2063 , 0.028000
2064 , 0.097000
2065 , 0.030000
2066 , 0.034000
2067 , 0.028000
2068 , 0.027000
2069 , 0.035000
2070 , 0.030000
2071 , 0.028000
2072 , 0.029000
2073 , 0.036000
2074 , 0.031000
2075 , 0.039000
2076 , 0.028000
2077 , 0.029000
2078 , 0.037000
2079 , 0.028000
2080 , 0.029000
2081 , 0.036000
2082 , 0.028000
2083 , 0.029000
2084 , 0.029000
2085 , 0.029000
2086 , 0.028000
2087 , 0.031000
2088 , 0.029000
2089 , 0.032000
2090 , 0.029000
2091 , 0.029000
2092 , 0.029000
2093 , 0.031000
2094 , 0.030000
2095 , 0.028000
2096 , 0.036000
2097 , 0.029000
2098 , 0.029000
2099 , 0.036000
2100 , 0.027000
2101 , 0.027000
2102 , 0.026000
2103 , 0.027000
2104 , 0.027000
2105 , 0.026000
2106 , 0.026000
2107 , 0.027000
2108 , 0.034000
2109 , 0.028000
2110 , 0.028000
2111 , 0.027000
2112 , 0.027000
2113 , 0.028000
2114 , 0.027000
2115 , 0.030000
2116 , 0.027000
2117 , 0.029000
2118 , 0.035000
2119 , 0.039000
2120 , 0.034000
2121 , 0.031000
2122 , 0.028000
2123 , 0.027000
2124 , 0.026000
2125 , 0.027000
2126 , 0.027000
2127 , 0.035000
2128 , 0.027000
2129 , 0.027000
2130 , 0.029000
2131 , 0.027000
2132 , 0.030000
2133 , 0.027000
2134 , 0.029000
2135 , 0.027000
2136 , 0.029000
2137 , 0.027000
2138 , 0.027000
2139 , 0.027000
2140 , 0.027000
2141 , 0.027000
2142 , 0.027000
2143 , 0.027000
2144 , 0.035000
2145 , 0.027000
2146 , 0.027000
2147 , 0.030000
2148 , 0.027000
2149 , 0.030000
2150 , 0.027000
2151 , 0.028000
2152 , 0.027000
2153 , 0.026000
2154 , 0.027000
2155 , 0.027000
2156 , 0.027000
2157 , 0.027000
2158 , 0.027000
2159 , 0.027000
2160 , 0.026000
2161 , 0.035000
2162 , 0.027000
2163 , 0.027000
2164 , 0.028000
2165 , 0.028000
2166 , 0.029000
2167 , 0.027000
2168 , 0.029000
2169 , 0.026000
2170 , 0.031000
2171 , 0.027000
2172 , 0.028000
2173 , 0.026000
2174 , 0.027000
2175 , 0.028000
2176 , 0.027000
2177 , 0.028000
2178 , 0.027000
2179 , 0.028000
2180 , 0.033000
2181 , 0.032000
2182 , 0.027000
2183 , 0.028000
2184 , 0.026000
2185 , 0.027000
2186 , 0.027000
2187 , 0.065000
2188 , 0.028000
2189 , 0.027000
2190 , 0.027000
2191 , 0.027000
2192 , 0.027000
2193 , 0.028000
2194 , 0.027000
2195 , 0.028000
2196 , 0.028000
2197 , 0.027000
2198 , 0.027000
2199 , 0.027000
2200 , 0.028000
2201 , 0.027000
2202 , 0.028000
2203 , 0.028000
2204 , 0.028000
2205 , 0.027000
2206 , 0.028000
2207 , 0.027000
2208 , 0.027000
2209 , 0.028000
2210 , 0.028000
2211 , 0.028000
2212 , 0.028000
2213 , 0.028000
2214 , 0.027000
2215 , 0.028000
2216 , 0.028000
2217 , 0.027000
2218 , 0.027000
2219 , 0.028000
2220 , 0.027000
2221 , 0.029000
2222 , 0.030000
2223 , 0.030000
2224 , 0.028000
2225 , 0.031000
2226 , 0.028000
2227 , 0.030000
2228 , 0.028000
2229 , 0.030000
2230 , 0.027000
2231 , 0.029000
2232 , 0.028000
2233 , 0.033000
2234 , 0.028000
2235 , 0.030000
2236 , 0.028000
2237 , 0.033000
2238 , 0.027000
2239 , 0.033000
2240 , 0.028000
2241 , 0.029000
2242 , 0.028000
2243 , 0.028000
2244 , 0.028000
2245 , 0.027000
2246 , 0.028000
2247 , 0.027000
2248 , 0.027000
2249 , 0.027000
2250 , 0.028000
2251 , 0.030000
2252 , 0.027000
2253 , 0.027000
2254 , 0.028000
2255 , 0.027000
2256 , 0.028000
2257 , 0.035000
2258 , 0.027000
2259 , 0.029000
2260 , 0.030000
2261 , 0.027000
2262 , 0.031000
2263 , 0.027000
2264 , 0.030000
2265 , 0.027000
2266 , 0.028000
2267 , 0.027000
2268 , 0.030000
2269 , 0.028000
2270 , 0.032000
2271 , 0.027000
2272 , 0.031000
2273 , 0.027000
2274 , 0.031000
2275 , 0.027000
2276 , 0.030000
2277 , 0.028000
2278 , 0.029000
2279 , 0.027000
2280 , 0.027000
2281 , 0.027000
2282 , 0.027000
2283 , 0.026000
2284 , 0.031000
2285 , 0.027000
2286 , 0.027000
2287 , 0.027000
2288 , 0.028000
2289 , 0.027000
2290 , 0.027000
2291 , 0.028000
2292 , 0.027000
2293 , 0.029000
2294 , 0.027000
2295 , 0.028000
2296 , 0.027000
2297 , 0.028000
2298 , 0.027000
2299 , 0.029000
2300 , 0.028000
2301 , 0.027000
2302 , 0.028000
2303 , 0.026000
2304 , 0.028000
2305 , 0.027000
2306 , 0.029000
2307 , 0.034000
2308 , 0.027000
2309 , 0.027000
2310 , 0.028000
2311 , 0.124000
2312 , 0.029000
2313 , 0.035000
2314 , 0.027000
2315 , 0.027000
2316 , 0.029000
2317 , 0.027000
2318 , 0.027000
2319 , 0.027000
2320 , 0.029000
2321 , 0.026000
2322 , 0.028000
2323 , 0.027000
2324 , 0.026000
2325 , 0.027000
2326 , 0.027000
2327 , 0.027000
2328 , 0.027000
2329 , 0.027000
2330 , 0.026000
2331 , 0.029000
2332 , 0.026000
2333 , 0.030000
2334 , 0.027000
2335 , 0.030000
2336 , 0.027000
2337 , 0.029000
2338 , 0.026000
2339 , 0.026000
2340 , 0.027000
2341 , 0.027000
2342 , 0.027000
2343 , 0.026000
2344 , 0.027000
2345 , 0.027000
2346 , 0.027000
2347 , 0.026000
2348 , 0.029000
2349 , 0.027000
2350 , 0.029000
2351 , 0.027000
2352 , 0.030000
2353 , 0.027000
2354 , 0.029000
2355 , 0.026000
2356 , 0.030000
2357 , 0.026000
2358 , 0.028000
2359 , 0.027000
2360 , 0.027000
2361 , 0.027000
2362 , 0.027000
2363 , 0.027000
2364 , 0.027000
2365 , 0.027000
2366 , 0.027000
2367 , 0.028000
2368 , 0.027000
2369 , 0.026000
2370 , 0.027000
2371 , 0.029000
2372 , 0.027000
2373 , 0.026000
2374 , 0.027000
2375 , 0.041000
2376 , 0.034000
2377 , 0.031000
2378 , 0.031000
2379 , 0.028000
2380 , 0.026000
2381 , 0.028000
2382 , 0.028000
2383 , 0.027000
2384 , 0.028000
2385 , 0.029000
2386 , 0.027000
2387 , 0.027000
2388 , 0.027000
2389 , 0.027000
2390 , 0.031000
2391 , 0.028000
2392 , 0.040000
2393 , 0.030000
2394 , 0.029000
2395 , 0.030000
2396 , 0.029000
2397 , 0.031000
2398 , 0.029000
2399 , 0.030000
2400 , 0.029000
2401 , 0.029000
2402 , 0.030000
2403 , 0.029000
2404 , 0.030000
2405 , 0.029000
2406 , 0.030000
2407 , 0.029000
2408 , 0.029000
2409 , 0.032000
2410 , 0.030000
2411 , 0.031000
2412 , 0.029000
2413 , 0.031000
2414 , 0.030000
2415 , 0.034000
2416 , 0.030000
2417 , 0.032000
2418 , 0.029000
2419 , 0.031000
2420 , 0.030000
2421 , 0.029000
2422 , 0.030000
2423 , 0.045000
2424 , 0.027000
2425 , 0.027000
2426 , 0.035000
2427 , 0.028000
2428 , 0.027000
2429 , 0.028000
2430 , 0.028000
2431 , 0.045000
2432 , 0.029000
2433 , 0.027000
2434 , 0.028000
2435 , 0.027000
2436 , 0.028000
2437 , 0.027000
2438 , 0.027000
2439 , 0.027000
2440 , 0.028000
2441 , 0.030000
2442 , 0.027000
2443 , 0.029000
2444 , 0.027000
2445 , 0.029000
2446 , 0.027000
2447 , 0.029000
2448 , 0.028000
2449 , 0.031000
2450 , 0.027000
2451 , 0.030000
2452 , 0.027000
2453 , 0.030000
2454 , 0.027000
2455 , 0.029000
2456 , 0.027000
2457 , 0.027000
2458 , 0.036000
2459 , 0.032000
2460 , 0.027000
2461 , 0.029000
2462 , 0.027000
2463 , 0.029000
2464 , 0.026000
2465 , 0.030000
2466 , 0.027000
2467 , 0.028000
2468 , 0.034000
2469 , 0.028000
2470 , 0.028000
2471 , 0.028000
2472 , 0.026000
2473 , 0.030000
2474 , 0.034000
2475 , 0.028000
2476 , 0.026000
2477 , 0.029000
2478 , 0.026000
2479 , 0.029000
2480 , 0.027000
2481 , 0.036000
2482 , 0.027000
2483 , 0.029000
2484 , 0.027000
2485 , 0.039000
2486 , 0.026000
2487 , 0.029000
2488 , 0.026000
2489 , 0.029000
2490 , 0.026000
2491 , 0.029000
2492 , 0.027000
2493 , 0.035000
2494 , 0.026000
2495 , 0.035000
2496 , 0.027000
2497 , 0.028000
2498 , 0.027000
2499 , 0.036000
2500 , 0.033000
2501 , 0.032000
2502 , 0.027000
2503 , 0.031000
2504 , 0.027000
2505 , 0.029000
2506 , 0.034000
2507 , 0.028000
2508 , 0.027000
2509 , 0.035000
2510 , 0.034000
2511 , 0.030000
2512 , 0.026000
2513 , 0.029000
2514 , 0.025000
2515 , 0.029000
2516 , 0.026000
2517 , 0.029000
2518 , 0.027000
2519 , 0.038000
2520 , 0.027000
2521 , 0.029000
2522 , 0.026000
2523 , 0.030000
2524 , 0.034000
2525 , 0.037000
2526 , 0.026000
2527 , 0.037000
2528 , 0.027000
2529 , 0.028000
2530 , 0.026000
2531 , 0.026000
2532 , 0.027000
2533 , 0.034000
2534 , 0.027000
2535 , 0.026000
2536 , 0.027000
2537 , 0.026000
2538 , 0.033000
2539 , 0.026000
2540 , 0.028000
2541 , 0.028000
2542 , 0.026000
2543 , 0.026000
2544 , 0.027000
2545 , 0.027000
2546 , 0.028000
2547 , 0.027000
2548 , 0.028000
2549 , 0.027000
2550 , 0.030000
2551 , 0.026000
2552 , 0.026000
2553 , 0.026000
2554 , 0.028000
2555 , 0.027000
2556 , 0.027000
2557 , 0.027000
2558 , 0.027000
2559 , 0.028000
2560 , 0.127000
2561 , 0.036000
2562 , 0.028000
2563 , 0.027000
2564 , 0.027000
2565 , 0.027000
2566 , 0.026000
2567 , 0.027000
2568 , 0.027000
2569 , 0.027000
2570 , 0.027000
2571 , 0.027000
2572 , 0.031000
2573 , 0.028000
2574 , 0.030000
2575 , 0.027000
2576 , 0.030000
2577 , 0.028000
2578 , 0.029000
2579 , 0.028000
2580 , 0.030000
2581 , 0.028000
2582 , 0.029000
2583 , 0.027000
2584 , 0.029000
2585 , 0.027000
2586 , 0.027000
2587 , 0.028000
2588 , 0.029000
2589 , 0.027000
2590 , 0.027000
2591 , 0.027000
2592 , 0.027000
2593 , 0.027000
2594 , 0.027000
2595 , 0.030000
2596 , 0.028000
2597 , 0.029000
2598 , 0.027000
2599 , 0.029000
2600 , 0.027000
2601 , 0.030000
2602 , 0.027000
2603 , 0.028000
2604 , 0.027000
2605 , 0.027000
2606 , 0.026000
2607 , 0.028000
2608 , 0.027000
2609 , 0.027000
2610 , 0.027000
2611 , 0.028000
2612 , 0.028000
2613 , 0.027000
2614 , 0.030000
2615 , 0.028000
2616 , 0.030000
2617 , 0.027000
2618 , 0.029000
2619 , 0.027000
2620 , 0.031000
2621 , 0.028000
2622 , 0.031000
2623 , 0.027000
2624 , 0.030000
2625 , 0.027000
2626 , 0.030000
2627 , 0.027000
2628 , 0.040000
2629 , 0.032000
2630 , 0.031000
2631 , 0.031000
2632 , 0.030000
2633 , 0.029000
2634 , 0.028000
2635 , 0.030000
2636 , 0.028000
2637 , 0.030000
2638 , 0.028000
2639 , 0.030000
2640 , 0.028000
2641 , 0.030000
2642 , 0.028000
2643 , 0.029000
2644 , 0.028000
2645 , 0.027000
2646 , 0.027000
2647 , 0.027000
2648 , 0.027000
2649 , 0.028000
2650 , 0.028000
2651 , 0.027000
2652 , 0.027000
2653 , 0.035000
2654 , 0.027000
2655 , 0.028000
2656 , 0.030000
2657 , 0.027000
2658 , 0.030000
2659 , 0.028000
2660 , 0.029000
2661 , 0.027000
2662 , 0.027000
2663 , 0.027000
2664 , 0.030000
2665 , 0.028000
2666 , 0.033000
2667 , 0.028000
2668 , 0.030000
2669 , 0.027000
2670 , 0.028000
2671 , 0.028000
2672 , 0.027000
2673 , 0.027000
2674 , 0.028000
2675 , 0.028000
2676 , 0.027000
2677 , 0.026000
2678 , 0.028000
2679 , 0.028000
2680 , 0.027000
2681 , 0.028000
2682 , 0.028000
2683 , 0.036000
2684 , 0.034000
2685 , 0.029000
2686 , 0.029000
2687 , 0.028000
2688 , 0.029000
2689 , 0.027000
2690 , 0.027000
2691 , 0.028000
2692 , 0.027000
2693 , 0.027000
2694 , 0.028000
2695 , 0.028000
2696 , 0.027000
2697 , 0.027000
2698 , 0.027000
2699 , 0.028000
2700 , 0.027000
2701 , 0.027000
2702 , 0.027000
2703 , 0.035000
2704 , 0.038000
2705 , 0.027000
2706 , 0.027000
2707 , 0.026000
2708 , 0.027000
2709 , 0.027000
2710 , 0.027000
2711 , 0.026000
2712 , 0.028000
2713 , 0.028000
2714 , 0.027000
2715 , 0.027000
2716 , 0.027000
2717 , 0.028000
2718 , 0.027000
2719 , 0.027000
2720 , 0.027000
2721 , 0.026000
2722 , 0.027000
2723 , 0.027000
2724 , 0.027000
2725 , 0.027000
2726 , 0.027000
2727 , 0.026000
2728 , 0.027000
2729 , 0.035000
2730 , 0.028000
2731 , 0.028000
2732 , 0.027000
2733 , 0.027000
2734 , 0.029000
2735 , 0.028000
2736 , 0.027000
2737 , 0.028000
2738 , 0.034000
2739 , 0.028000
2740 , 0.032000
2741 , 0.027000
2742 , 0.030000
2743 , 0.028000
2744 , 0.029000
2745 , 0.028000
2746 , 0.027000
2747 , 0.027000
2748 , 0.028000
2749 , 0.027000
2750 , 0.030000
2751 , 0.027000
2752 , 0.027000
2753 , 0.028000
2754 , 0.027000
2755 , 0.027000
2756 , 0.029000
2757 , 0.029000
2758 , 0.028000
2759 , 0.030000
2760 , 0.028000
2761 , 0.028000
2762 , 0.027000
2763 , 0.029000
2764 , 0.027000
2765 , 0.031000
2766 , 0.027000
2767 , 0.031000
2768 , 0.028000
2769 , 0.029000
2770 , 0.028000
2771 , 0.027000
2772 , 0.028000
2773 , 0.027000
2774 , 0.029000
2775 , 0.027000
2776 , 0.028000
2777 , 0.027000
2778 , 0.027000
2779 , 0.029000
2780 , 0.027000
2781 , 0.028000
2782 , 0.028000
2783 , 0.026000
2784 , 0.030000
2785 , 0.027000
2786 , 0.029000
2787 , 0.027000
2788 , 0.029000
2789 , 0.028000
2790 , 0.033000
2791 , 0.028000
2792 , 0.029000
2793 , 0.027000
2794 , 0.028000
2795 , 0.027000
2796 , 0.027000
2797 , 0.027000
2798 , 0.027000
2799 , 0.028000
2800 , 0.029000
2801 , 0.027000
2802 , 0.028000
2803 , 0.027000
2804 , 0.027000
2805 , 0.027000
2806 , 0.027000
2807 , 0.118000
2808 , 0.029000
2809 , 0.030000
2810 , 0.028000
2811 , 0.028000
2812 , 0.028000
2813 , 0.028000
2814 , 0.028000
2815 , 0.028000
2816 , 0.028000
2817 , 0.028000
2818 , 0.027000
2819 , 0.029000
2820 , 0.028000
2821 , 0.028000
2822 , 0.030000
2823 , 0.028000
2824 , 0.030000
